10ns,0.448 20ns,0.448 30ns,0.448 40ns,0.448 50ns,0.448 60ns,0.448 70ns,0.448 80ns,0.448 90ns,0.448 100ns,0.448 110ns,0.448 120ns,0.448 130ns,0.448 140ns,0.448 150ns,0.448 160ns,0.448 170ns,0.448 180ns,0.448 190ns,0.448 200ns,0.448 210ns,0.448 220ns,0.448 230ns,0.448 240ns,0.448 250ns,0.448 260ns,0.448 270ns,0.448 280ns,0.448 290ns,0.448 300ns,0.448 310ns,0.448 320ns,0.448 330ns,0.448 340ns,0.448 350ns,0.448 360ns,0.448 370ns,0.448 380ns,0.448 390ns,0.448 400ns,0.448 410ns,0.448 420ns,0.448 430ns,0.448 440ns,0.448 450ns,0.448 460ns,0.44 470ns,0.448 480ns,0.448 490ns,0.44 500ns,0.448 510ns,0.44 520ns,0.448 530ns,0.448 540ns,0.448 550ns,0.44 560ns,0.448 570ns,0.448 580ns,0.448 590ns,0.44 600ns,0.448 610ns,0.448 620ns,0.448 630ns,0.448 640ns,0.448 650ns,0.448 660ns,0.448 670ns,0.44 680ns,0.448 690ns,0.448 700ns,0.448 710ns,0.448 720ns,0.448 730ns,0.44 740ns,0.44 750ns,0.424 760ns,0.432 770ns,0.416 780ns,0.416 790ns,0.392 800ns,0.392 810ns,0.392 820ns,0.376 830ns,0.36 840ns,0.352 850ns,0.336 860ns,0.328 870ns,0.32 880ns,0.304 890ns,0.296 900ns,0.272 910ns,0.264 920ns,0.24 930ns,0.24 940ns,0.232 950ns,0.216 960ns,0.208 970ns,0.2 980ns,0.192 990ns,0.192 1000ns,0.184 1010ns,0.184 1020ns,0.176 1030ns,0.176 1040ns,0.176 1050ns,0.176 1060ns,0.176 1070ns,0.176 1080ns,0.176 1090ns,0.176 1100ns,0.176 1110ns,0.176 1120ns,0.176 1130ns,0.176 1140ns,0.176 1150ns,0.176 1160ns,0.176 1170ns,0.176 1180ns,0.176 1190ns,0.176 1200ns,0.176 1210ns,0.176 1220ns,0.176 1230ns,0.176 1240ns,0.176 1250ns,0.176 1260ns,0.176 1270ns,0.176 1280ns,0.176 1290ns,0.176 1300ns,0.176 1310ns,0.176 1320ns,0.176 1330ns,0.176 1340ns,0.176 1350ns,0.176 1360ns,0.176 1370ns,0.176 1380ns,0.176 1390ns,0.176 1400ns,0.176 1410ns,0.176 1420ns,0.176 1430ns,0.176 1440ns,0.176 1450ns,0.176 1460ns,0.176 1470ns,0.176 1480ns,0.176 1490ns,0.176 1500ns,0.176 1510ns,0.176 1520ns,0.176 1530ns,0.176 1540ns,0.176 1550ns,0.176 1560ns,0.176 1570ns,0.176 1580ns,0.176 1590ns,0.176 1600ns,0.176 1610ns,0.176 1620ns,0.176 1630ns,0.176 1640ns,0.176 1650ns,0.176 1660ns,0.176 1670ns,0.176 1680ns,0.176 1690ns,0.176 1700ns,0.176 1710ns,0.176 1720ns,0.176 1730ns,0.176 1740ns,0.176 1750ns,0.176 1760ns,0.176 1770ns,0.176 1780ns,0.176 1790ns,0.176 1800ns,0.176 1810ns,0.176 1820ns,0.176 1830ns,0.176 1840ns,0.176 1850ns,0.176 1860ns,0.176 1870ns,0.176 1880ns,0.176 1890ns,0.176 1900ns,0.176 1910ns,0.176 1920ns,0.176 1930ns,0.176 1940ns,0.176 1950ns,0.176 1960ns,0.176 1970ns,0.176 1980ns,0.176 1990ns,0.176 2000ns,0.176 2010ns,0.176 2020ns,0.176 2030ns,0.176 2040ns,0.176 2050ns,0.176 2060ns,0.176 2070ns,0.176 2080ns,0.176 2090ns,0.176 2100ns,0.176 2110ns,0.176 2120ns,0.176 2130ns,0.176 2140ns,0.176 2150ns,0.176 2160ns,0.176 2170ns,0.176 2180ns,0.176 2190ns,0.176 2200ns,0.176 2210ns,0.176 2220ns,0.176 2230ns,0.176 2240ns,0.176 2250ns,0.176 2260ns,0.176 2270ns,0.176 2280ns,0.176 2290ns,0.176 2300ns,0.176 2310ns,0.176 2320ns,0.176 2330ns,0.176 2340ns,0.176 2350ns,0.176 2360ns,0.176 2370ns,0.176 2380ns,0.176 2390ns,0.176 2400ns,0.176 2410ns,0.176 2420ns,0.176 2430ns,0.176 2440ns,0.176 2450ns,0.176 2460ns,0.176 2470ns,0.176 2480ns,0.176 2490ns,0.176 2500ns,0.176 2510ns,0.176 2520ns,0.176 2530ns,0.176 2540ns,0.176 2550ns,0.176 2560ns,0.176 2570ns,0.176 2580ns,0.176 2590ns,0.176 2600ns,0.176 2610ns,0.176 2620ns,0.184 2630ns,0.176 2640ns,0.176 2650ns,0.176 2660ns,0.176 2670ns,0.176 2680ns,0.176 2690ns,0.176 2700ns,0.176 2710ns,0.176 2720ns,0.176 2730ns,0.176 2740ns,0.176 2750ns,0.176 2760ns,0.176 2770ns,0.176 2780ns,0.176 2790ns,0.176 2800ns,0.176 2810ns,0.176 2820ns,0.176 2830ns,0.176 2840ns,0.176 2850ns,0.176 2860ns,0.176 2870ns,0.176 2880ns,0.176 2890ns,0.176 2900ns,0.176 2910ns,0.176 2920ns,0.176 2930ns,0.176 2940ns,0.176 2950ns,0.176 2960ns,0.176 2970ns,0.176 2980ns,0.176 2990ns,0.176 3000ns,0.176 3010ns,0.176 3020ns,0.176 3030ns,0.176 3040ns,0.176 3050ns,0.176 3060ns,0.176 3070ns,0.176 3080ns,0.176 3090ns,0.176 3100ns,0.176 3110ns,0.176 3120ns,0.176 3130ns,0.176 3140ns,0.176 3150ns,0.176 3160ns,0.176 3170ns,0.176 3180ns,0.176 3190ns,0.176 3200ns,0.176 3210ns,0.176 3220ns,0.176 3230ns,0.176 3240ns,0.176 3250ns,0.176 3260ns,0.176 3270ns,0.176 3280ns,0.176 3290ns,0.176 3300ns,0.176 3310ns,0.176 3320ns,0.176 3330ns,0.176 3340ns,0.176 3350ns,0.176 3360ns,0.176 3370ns,0.176 3380ns,0.176 3390ns,0.176 3400ns,0.176 3410ns,0.176 3420ns,0.176 3430ns,0.176 3440ns,0.176 3450ns,0.176 3460ns,0.176 3470ns,0.176 3480ns,0.176 3490ns,0.176 3500ns,0.176 3510ns,0.176 3520ns,0.176 3530ns,0.176 3540ns,0.176 3550ns,0.176 3560ns,0.176 3570ns,0.176 3580ns,0.176 3590ns,0.176 3600ns,0.176 3610ns,0.176 3620ns,0.176 3630ns,0.176 3640ns,0.176 3650ns,0.176 3660ns,0.176 3670ns,0.176 3680ns,0.176 3690ns,0.176 3700ns,0.176 3710ns,0.176 3720ns,0.176 3730ns,0.176 3740ns,0.176 3750ns,0.176 3760ns,0.176 3770ns,0.176 3780ns,0.176 3790ns,0.176 3800ns,0.176 3810ns,0.176 3820ns,0.176 3830ns,0.176 3840ns,0.176 3850ns,0.176 3860ns,0.176 3870ns,0.176 3880ns,0.176 3890ns,0.176 3900ns,0.176 3910ns,0.176 3920ns,0.176 3930ns,0.176 3940ns,0.176 3950ns,0.176 3960ns,0.176 3970ns,0.176 3980ns,0.176 3990ns,0.176 4000ns,0.176 4010ns,0.176 4020ns,0.176 4030ns,0.176 4040ns,0.176 4050ns,0.176 4060ns,0.176 4070ns,0.176 4080ns,0.176 4090ns,0.176 4100ns,0.176 4110ns,0.176 4120ns,0.176 4130ns,0.176 4140ns,0.176 4150ns,0.176 4160ns,0.176 4170ns,0.176 4180ns,0.176 4190ns,0.176 4200ns,0.176 4210ns,0.176 4220ns,0.176 4230ns,0.176 4240ns,0.176 4250ns,0.176 4260ns,0.176 4270ns,0.176 4280ns,0.176 4290ns,0.176 4300ns,0.176 4310ns,0.176 4320ns,0.176 4330ns,0.176 4340ns,0.176 4350ns,0.176 4360ns,0.176 4370ns,0.176 4380ns,0.176 4390ns,0.176 4400ns,0.176 4410ns,0.176 4420ns,0.176 4430ns,0.176 4440ns,0.176 4450ns,0.176 4460ns,0.176 4470ns,0.176 4480ns,0.176 4490ns,0.176 4500ns,0.176 4510ns,0.176 4520ns,0.176 4530ns,0.176 4540ns,0.176 4550ns,0.176 4560ns,0.176 4570ns,0.176 4580ns,0.176 4590ns,0.176 4600ns,0.176 4610ns,0.176 4620ns,0.176 4630ns,0.176 4640ns,0.176 4650ns,0.176 4660ns,0.176 4670ns,0.176 4680ns,0.176 4690ns,0.176 4700ns,0.176 4710ns,0.176 4720ns,0.176 4730ns,0.176 4740ns,0.176 4750ns,0.168 4760ns,0.176 4770ns,0.176 4780ns,0.176 4790ns,0.176 4800ns,0.176 4810ns,0.176 4820ns,0.176 4830ns,0.176 4840ns,0.176 4850ns,0.176 4860ns,0.176 4870ns,0.176 4880ns,0.176 4890ns,0.176 4900ns,0.176 4910ns,0.176 4920ns,0.176 4930ns,0.176 4940ns,0.176 4950ns,0.176 4960ns,0.176 4970ns,0.176 4980ns,0.176 4990ns,0.176 5000ns,0.176 5010ns,0.176 5020ns,0.176 5030ns,0.176 5040ns,0.176 5050ns,0.176 5060ns,0.176 5070ns,0.176 5080ns,0.176 5090ns,0.176 5100ns,0.176 5110ns,0.176 5120ns,0.176 5130ns,0.176 5140ns,0.176 5150ns,0.176 5160ns,0.176 5170ns,0.176 5180ns,0.176 5190ns,0.176 5200ns,0.176 5210ns,0.176 5220ns,0.176 5230ns,0.176 5240ns,0.176 5250ns,0.176 5260ns,0.176 5270ns,0.176 5280ns,0.176 5290ns,0.176 5300ns,0.176 5310ns,0.176 5320ns,0.176 5330ns,0.176 5340ns,0.176 5350ns,0.176 5360ns,0.176 5370ns,0.176 5380ns,0.176 5390ns,0.176 5400ns,0.176 5410ns,0.176 5420ns,0.184 5430ns,0.176 5440ns,0.184 5450ns,0.184 5460ns,0.192 5470ns,0.192 5480ns,0.192 5490ns,0.2 5500ns,0.208 5510ns,0.216 5520ns,0.232 5530ns,0.232 5540ns,0.248 5550ns,0.264 5560ns,0.272 5570ns,0.296 5580ns,0.304 5590ns,0.32 5600ns,0.32 5610ns,0.328 5620ns,0.352 5630ns,0.36 5640ns,0.376 5650ns,0.384 5660ns,0.392 5670ns,0.408 5680ns,0.416 5690ns,0.416 5700ns,0.424 5710ns,0.432 5720ns,0.44 5730ns,0.44 5740ns,0.448 5750ns,0.448 5760ns,0.448 5770ns,0.448 5780ns,0.448 5790ns,0.44 5800ns,0.448 5810ns,0.448 5820ns,0.448 5830ns,0.448 5840ns,0.448 5850ns,0.448 5860ns,0.448 5870ns,0.448 5880ns,0.44 5890ns,0.448 5900ns,0.448 5910ns,0.44 5920ns,0.448 5930ns,0.448 5940ns,0.448 5950ns,0.448 5960ns,0.448 5970ns,0.448 5980ns,0.448 5990ns,0.448 6000ns,0.448 6010ns,0.448 6020ns,0.448 6030ns,0.448 6040ns,0.448 6050ns,0.448 6060ns,0.448 6070ns,0.448 6080ns,0.448 6090ns,0.448 6100ns,0.448 6110ns,0.448 6120ns,0.448 6130ns,0.448 6140ns,0.448 6150ns,0.44 6160ns,0.448 6170ns,0.448 6180ns,0.448 6190ns,0.448 6200ns,0.448 6210ns,0.448 6220ns,0.44 6230ns,0.448 6240ns,0.448 6250ns,0.448 6260ns,0.448 6270ns,0.448 6280ns,0.448 6290ns,0.448 6300ns,0.448 6310ns,0.448 6320ns,0.448 6330ns,0.448 6340ns,0.448 6350ns,0.448 6360ns,0.448 6370ns,0.448 6380ns,0.448 6390ns,0.448 6400ns,0.448 6410ns,0.448 6420ns,0.448 6430ns,0.448 6440ns,0.448 6450ns,0.448 6460ns,0.448 6470ns,0.448 6480ns,0.448 6490ns,0.448 6500ns,0.448 6510ns,0.448 6520ns,0.448 6530ns,0.448 6540ns,0.448 6550ns,0.432 6560ns,0.424 6570ns,0.424 6580ns,0.424 6590ns,0.4 6600ns,0.4 6610ns,0.416 6620ns,0.416 6630ns,0.44 6640ns,0.44 6650ns,0.472 6660ns,0.488 6670ns,0.512 6680ns,0.544 6690ns,0.544 6700ns,0.568 6710ns,0.568 6720ns,0.544 6730ns,0.536 6740ns,0.496 6750ns,0.464 6760ns,0.424 6770ns,0.384 6780ns,0.36 6790ns,0.32 6800ns,0.296 6810ns,0.296 6820ns,0.296 6830ns,0.32 6840ns,0.328 6850ns,0.376 6860ns,0.4 6870ns,0.44 6880ns,0.496 6890ns,0.512 6900ns,0.568 6910ns,0.576 6920ns,0.576 6930ns,0.6 6940ns,0.576 6950ns,0.568 6960ns,0.544 6970ns,0.488 6980ns,0.464 6990ns,0.392 7000ns,0.376 7010ns,0.336 7020ns,0.312 7030ns,0.304 7040ns,0.296 7050ns,0.296 7060ns,0.32 7070ns,0.344 7080ns,0.392 7090ns,0.416 7100ns,0.472 7110ns,0.496 7120ns,0.544 7130ns,0.568 7140ns,0.584 7150ns,0.6 7160ns,0.584 7170ns,0.576 7180ns,0.552 7190ns,0.512 7200ns,0.488 7210ns,0.424 7220ns,0.392 7230ns,0.352 7240ns,0.32 7250ns,0.312 7260ns,0.304 7270ns,0.296 7280ns,0.312 7290ns,0.32 7300ns,0.368 7310ns,0.384 7320ns,0.448 7330ns,0.48 7340ns,0.52 7350ns,0.56 7360ns,0.576 7370ns,0.584 7380ns,0.592 7390ns,0.576 7400ns,0.568 7410ns,0.52 7420ns,0.512 7430ns,0.456 7440ns,0.416 7450ns,0.376 7460ns,0.328 7470ns,0.32 7480ns,0.296 7490ns,0.288 7500ns,0.304 7510ns,0.312 7520ns,0.344 7530ns,0.368 7540ns,0.416 7550ns,0.448 7560ns,0.496 7570ns,0.544 7580ns,0.56 7590ns,0.584 7600ns,0.592 7610ns,0.584 7620ns,0.576 7630ns,0.544 7640ns,0.528 7650ns,0.48 7660ns,0.44 7670ns,0.392 7680ns,0.36 7690ns,0.328 7700ns,0.312 7710ns,0.296 7720ns,0.304 7730ns,0.304 7740ns,0.32 7750ns,0.352 7760ns,0.392 7770ns,0.448 7780ns,0.472 7790ns,0.52 7800ns,0.544 7810ns,0.576 7820ns,0.592 7830ns,0.592 7840ns,0.584 7850ns,0.568 7860ns,0.544 7870ns,0.504 7880ns,0.456 7890ns,0.424 7900ns,0.368 7910ns,0.344 7920ns,0.312 7930ns,0.296 7940ns,0.288 7950ns,0.296 7960ns,0.32 7970ns,0.336 7980ns,0.36 7990ns,0.424 8000ns,0.448 8010ns,0.504 8020ns,0.536 8030ns,0.568 8040ns,0.576 8050ns,0.584 8060ns,0.592 8070ns,0.584 8080ns,0.552 8090ns,0.536 8100ns,0.472 8110ns,0.448 8120ns,0.4 8130ns,0.36 8140ns,0.328 8150ns,0.312 8160ns,0.304 8170ns,0.296 8180ns,0.304 8190ns,0.328 8200ns,0.336 8210ns,0.392 8220ns,0.424 8230ns,0.472 8240ns,0.512 8250ns,0.552 8260ns,0.576 8270ns,0.576 8280ns,0.592 8290ns,0.584 8300ns,0.56 8310ns,0.552 8320ns,0.496 8330ns,0.472 8340ns,0.432 8350ns,0.384 8360ns,0.352 8370ns,0.32 8380ns,0.304 8390ns,0.296 8400ns,0.296 8410ns,0.312 8420ns,0.328 8430ns,0.368 8440ns,0.4 8450ns,0.448 8460ns,0.488 8470ns,0.52 8480ns,0.568 8490ns,0.576 8500ns,0.592 8510ns,0.592 8520ns,0.576 8530ns,0.56 8540ns,0.528 8550ns,0.496 8560ns,0.448 8570ns,0.4 8580ns,0.376 8590ns,0.328 8600ns,0.312 8610ns,0.304 8620ns,0.296 8630ns,0.304 8640ns,0.32 8650ns,0.344 8660ns,0.392 8670ns,0.416 8680ns,0.472 8690ns,0.496 8700ns,0.552 8710ns,0.576 8720ns,0.576 8730ns,0.592 8740ns,0.576 8750ns,0.576 8760ns,0.536 8770ns,0.504 8780ns,0.472 8790ns,0.432 8800ns,0.4 8810ns,0.368 8820ns,0.352 8830ns,0.344 8840ns,0.352 8850ns,0.352 8860ns,0.36 8870ns,0.384 8880ns,0.4 8890ns,0.416 8900ns,0.44 8910ns,0.448 8920ns,0.448 8930ns,0.472 8940ns,0.464 8950ns,0.464 8960ns,0.456 8970ns,0.448 8980ns,0.448 8990ns,0.448 9000ns,0.448 9010ns,0.44 9020ns,0.448 9030ns,0.448 9040ns,0.448 9050ns,0.448 9060ns,0.448 9070ns,0.448 9080ns,0.448 9090ns,0.448 9100ns,0.448 9110ns,0.44 9120ns,0.44 9130ns,0.448 9140ns,0.44 9150ns,0.44 9160ns,0.44 9170ns,0.448 9180ns,0.448 9190ns,0.448 9200ns,0.448 9210ns,0.44 9220ns,0.448 9230ns,0.448 9240ns,0.448 9250ns,0.448 9260ns,0.44 9270ns,0.448 9280ns,0.44 9290ns,0.448 9300ns,0.448 9310ns,0.448 9320ns,0.448 9330ns,0.448 9340ns,0.448 9350ns,0.448 9360ns,0.448 9370ns,0.448 9380ns,0.448 9390ns,0.448 9400ns,0.448 9410ns,0.448 9420ns,0.448 9430ns,0.448 9440ns,0.448 9450ns,0.44 9460ns,0.448 9470ns,0.448 9480ns,0.448 9490ns,0.448 9500ns,0.448 9510ns,0.448 9520ns,0.448 9530ns,0.44 9540ns,0.448 9550ns,0.448 9560ns,0.448 9570ns,0.448 9580ns,0.44 9590ns,0.448 9600ns,0.448 9610ns,0.448 9620ns,0.448 9630ns,0.448 9640ns,0.44 9650ns,0.448 9660ns,0.448 9670ns,0.448 9680ns,0.44 9690ns,0.448 9700ns,0.448 9710ns,0.448 9720ns,0.448 9730ns,0.448 9740ns,0.448 9750ns,0.448 9760ns,0.448 9770ns,0.448 9780ns,0.448 9790ns,0.448 9800ns,0.448 9810ns,0.44 9820ns,0.448 9830ns,0.44 9840ns,0.448 9850ns,0.448 9860ns,0.448 9870ns,0.448 9880ns,0.448 9890ns,0.44 9900ns,0.448 9910ns,0.448 9920ns,0.448 9930ns,0.44 9940ns,0.44 9950ns,0.448 9960ns,0.44 9970ns,0.448 9980ns,0.448 9990ns,0.44 10000ns,0.448 10010ns,0.448 10020ns,0.448 10030ns,0.448 10040ns,0.448 10050ns,0.448 10060ns,0.448 10070ns,0.448 10080ns,0.448 10090ns,0.448 10100ns,0.44 10110ns,0.448 10120ns,0.448 10130ns,0.448 10140ns,0.448 10150ns,0.448 10160ns,0.448 10170ns,0.448 10180ns,0.448 10190ns,0.44 10200ns,0.448 10210ns,0.44 10220ns,0.448 10230ns,0.448 10240ns,0.44 10250ns,0.44 10260ns,0.448 10270ns,0.448 10280ns,0.44 10290ns,0.448 10300ns,0.448 10310ns,0.448 10320ns,0.448 10330ns,0.448 10340ns,0.448 10350ns,0.44 10360ns,0.448 10370ns,0.448 10380ns,0.448 10390ns,0.448 10400ns,0.44 10410ns,0.448 10420ns,0.448 10430ns,0.448 10440ns,0.448 10450ns,0.448 10460ns,0.44 10470ns,0.448 10480ns,0.448 10490ns,0.448 10500ns,0.448 10510ns,0.44 10520ns,0.44 10530ns,0.432 10540ns,0.448 10550ns,0.464 10560ns,0.496 10570ns,0.552 10580ns,0.576 10590ns,0.616 10600ns,0.64 10610ns,0.632 10620ns,0.632 10630ns,0.632 10640ns,0.624 10650ns,0.608 10660ns,0.608 10670ns,0.616 10680ns,0.616 10690ns,0.632 10700ns,0.64 10710ns,0.648 10720ns,0.656 10730ns,0.656 10740ns,0.664 10750ns,0.656 10760ns,0.664 10770ns,0.664 10780ns,0.648 10790ns,0.648 10800ns,0.648 10810ns,0.632 10820ns,0.632 10830ns,0.616 10840ns,0.616 10850ns,0.616 10860ns,0.624 10870ns,0.632 10880ns,0.64 10890ns,0.64 10900ns,0.656 10910ns,0.664 10920ns,0.664 10930ns,0.664 10940ns,0.664 10950ns,0.656 10960ns,0.664 10970ns,0.664 10980ns,0.664 10990ns,0.656 11000ns,0.656 11010ns,0.656 11020ns,0.648 11030ns,0.632 11040ns,0.632 11050ns,0.624 11060ns,0.608 11070ns,0.6 11080ns,0.608 11090ns,0.608 11100ns,0.624 11110ns,0.632 11120ns,0.648 11130ns,0.648 11140ns,0.656 11150ns,0.656 11160ns,0.656 11170ns,0.664 11180ns,0.656 11190ns,0.664 11200ns,0.656 11210ns,0.664 11220ns,0.672 11230ns,0.672 11240ns,0.672 11250ns,0.656 11260ns,0.64 11270ns,0.632 11280ns,0.6 11290ns,0.584 11300ns,0.576 11310ns,0.568 11320ns,0.576 11330ns,0.576 11340ns,0.592 11350ns,0.6 11360ns,0.616 11370ns,0.624 11380ns,0.624 11390ns,0.64 11400ns,0.64 11410ns,0.648 11420ns,0.648 11430ns,0.632 11440ns,0.632 11450ns,0.624 11460ns,0.6 11470ns,0.592 11480ns,0.592 11490ns,0.576 11500ns,0.576 11510ns,0.576 11520ns,0.576 11530ns,0.568 11540ns,0.576 11550ns,0.576 11560ns,0.576 11570ns,0.584 11580ns,0.592 11590ns,0.592 11600ns,0.6 11610ns,0.6 11620ns,0.6 11630ns,0.6 11640ns,0.6 11650ns,0.6 11660ns,0.6 11670ns,0.616 11680ns,0.616 11690ns,0.616 11700ns,0.616 11710ns,0.608 11720ns,0.6 11730ns,0.592 11740ns,0.584 11750ns,0.584 11760ns,0.576 11770ns,0.568 11780ns,0.552 11790ns,0.544 11800ns,0.52 11810ns,0.504 11820ns,0.496 11830ns,0.48 11840ns,0.472 11850ns,0.456 11860ns,0.448 11870ns,0.448 11880ns,0.448 11890ns,0.448 11900ns,0.464 11910ns,0.48 11920ns,0.512 11930ns,0.536 11940ns,0.56 11950ns,0.584 11960ns,0.6 11970ns,0.608 11980ns,0.624 11990ns,0.632 12000ns,0.632 12010ns,0.616 12020ns,0.624 12030ns,0.576 12040ns,0.56 12050ns,0.536 12060ns,0.504 12070ns,0.488 12080ns,0.472 12090ns,0.464 12100ns,0.472 12110ns,0.464 12120ns,0.472 12130ns,0.472 12140ns,0.488 12150ns,0.504 12160ns,0.512 12170ns,0.536 12180ns,0.536 12190ns,0.544 12200ns,0.536 12210ns,0.536 12220ns,0.528 12230ns,0.512 12240ns,0.496 12250ns,0.488 12260ns,0.464 12270ns,0.456 12280ns,0.456 12290ns,0.448 12300ns,0.456 12310ns,0.464 12320ns,0.496 12330ns,0.504 12340ns,0.544 12350ns,0.576 12360ns,0.576 12370ns,0.584 12380ns,0.592 12390ns,0.584 12400ns,0.576 12410ns,0.552 12420ns,0.52 12430ns,0.496 12440ns,0.472 12450ns,0.448 12460ns,0.432 12470ns,0.432 12480ns,0.432 12490ns,0.44 12500ns,0.472 12510ns,0.472 12520ns,0.496 12530ns,0.512 12540ns,0.512 12550ns,0.52 12560ns,0.512 12570ns,0.504 12580ns,0.488 12590ns,0.472 12600ns,0.456 12610ns,0.448 12620ns,0.44 12630ns,0.44 12640ns,0.448 12650ns,0.44 12660ns,0.448 12670ns,0.448 12680ns,0.448 12690ns,0.448 12700ns,0.456 12710ns,0.448 12720ns,0.464 12730ns,0.448 12740ns,0.448 12750ns,0.448 12760ns,0.448 12770ns,0.448 12780ns,0.448 12790ns,0.448 12800ns,0.448 12810ns,0.448 12820ns,0.448 12830ns,0.456 12840ns,0.464 12850ns,0.472 12860ns,0.488 12870ns,0.496 12880ns,0.512 12890ns,0.512 12900ns,0.496 12910ns,0.496 12920ns,0.48 12930ns,0.472 12940ns,0.448 12950ns,0.448 12960ns,0.432 12970ns,0.432 12980ns,0.432 12990ns,0.448 13000ns,0.448 13010ns,0.448 13020ns,0.456 13030ns,0.448 13040ns,0.448 13050ns,0.44 13060ns,0.432 13070ns,0.432 13080ns,0.456 13090ns,0.448 13100ns,0.496 13110ns,0.52 13120ns,0.552 13130ns,0.568 13140ns,0.568 13150ns,0.568 13160ns,0.552 13170ns,0.536 13180ns,0.512 13190ns,0.496 13200ns,0.488 13210ns,0.472 13220ns,0.472 13230ns,0.464 13240ns,0.448 13250ns,0.448 13260ns,0.448 13270ns,0.448 13280ns,0.448 13290ns,0.448 13300ns,0.448 13310ns,0.448 13320ns,0.456 13330ns,0.448 13340ns,0.448 13350ns,0.448 13360ns,0.448 13370ns,0.448 13380ns,0.448 13390ns,0.448 13400ns,0.448 13410ns,0.448 13420ns,0.448 13430ns,0.448 13440ns,0.456 13450ns,0.448 13460ns,0.448 13470ns,0.448 13480ns,0.448 13490ns,0.448 13500ns,0.456 13510ns,0.472 13520ns,0.48 13530ns,0.488 13540ns,0.512 13550ns,0.528 13560ns,0.544 13570ns,0.56 13580ns,0.576 13590ns,0.6 13600ns,0.616 13610ns,0.632 13620ns,0.632 13630ns,0.648 13640ns,0.656 13650ns,0.648 13660ns,0.64 13670ns,0.656 13680ns,0.648 13690ns,0.656 13700ns,0.656 13710ns,0.656 13720ns,0.656 13730ns,0.656 13740ns,0.648 13750ns,0.656 13760ns,0.632 13770ns,0.624 13780ns,0.616 13790ns,0.6 13800ns,0.592 13810ns,0.6 13820ns,0.592 13830ns,0.584 13840ns,0.576 13850ns,0.576 13860ns,0.568 13870ns,0.56 13880ns,0.544 13890ns,0.544 13900ns,0.536 13910ns,0.536 13920ns,0.544 13930ns,0.544 13940ns,0.552 13950ns,0.56 13960ns,0.568 13970ns,0.56 13980ns,0.568 13990ns,0.552 14000ns,0.544 14010ns,0.52 14020ns,0.52 14030ns,0.52 14040ns,0.52 14050ns,0.52 14060ns,0.528 14070ns,0.528 14080ns,0.536 14090ns,0.536 14100ns,0.536 14110ns,0.544 14120ns,0.544 14130ns,0.544 14140ns,0.544 14150ns,0.536 14160ns,0.544 14170ns,0.544 14180ns,0.544 14190ns,0.544 14200ns,0.56 14210ns,0.568 14220ns,0.568 14230ns,0.576 14240ns,0.576 14250ns,0.568 14260ns,0.576 14270ns,0.576 14280ns,0.568 14290ns,0.56 14300ns,0.568 14310ns,0.552 14320ns,0.56 14330ns,0.552 14340ns,0.552 14350ns,0.56 14360ns,0.552 14370ns,0.56 14380ns,0.568 14390ns,0.568 14400ns,0.576 14410ns,0.576 14420ns,0.584 14430ns,0.6 14440ns,0.608 14450ns,0.608 14460ns,0.624 14470ns,0.64 14480ns,0.632 14490ns,0.64 14500ns,0.64 14510ns,0.64 14520ns,0.64 14530ns,0.632 14540ns,0.64 14550ns,0.624 14560ns,0.616 14570ns,0.616 14580ns,0.6 14590ns,0.576 14600ns,0.576 14610ns,0.552 14620ns,0.536 14630ns,0.536 14640ns,0.544 14650ns,0.568 14660ns,0.592 14670ns,0.616 14680ns,0.64 14690ns,0.656 14700ns,0.672 14710ns,0.672 14720ns,0.648 14730ns,0.632 14740ns,0.6 14750ns,0.576 14760ns,0.568 14770ns,0.544 14780ns,0.544 14790ns,0.544 14800ns,0.552 14810ns,0.584 14820ns,0.584 14830ns,0.616 14840ns,0.632 14850ns,0.656 14860ns,0.664 14870ns,0.672 14880ns,0.664 14890ns,0.664 14900ns,0.648 14910ns,0.64 14920ns,0.648 14930ns,0.632 14940ns,0.632 14950ns,0.64 14960ns,0.64 14970ns,0.64 14980ns,0.648 14990ns,0.648 15000ns,0.656 15010ns,0.656 15020ns,0.656 15030ns,0.656 15040ns,0.648 15050ns,0.656 15060ns,0.648 15070ns,0.648 15080ns,0.648 15090ns,0.64 15100ns,0.616 15110ns,0.624 15120ns,0.608 15130ns,0.616 15140ns,0.608 15150ns,0.616 15160ns,0.624 15170ns,0.624 15180ns,0.624 15190ns,0.624 15200ns,0.624 15210ns,0.624 15220ns,0.632 15230ns,0.632 15240ns,0.632 15250ns,0.632 15260ns,0.632 15270ns,0.632 15280ns,0.616 15290ns,0.616 15300ns,0.624 15310ns,0.616 15320ns,0.624 15330ns,0.632 15340ns,0.632 15350ns,0.624 15360ns,0.632 15370ns,0.632 15380ns,0.624 15390ns,0.624 15400ns,0.616 15410ns,0.616 15420ns,0.608 15430ns,0.624 15440ns,0.616 15450ns,0.632 15460ns,0.632 15470ns,0.64 15480ns,0.648 15490ns,0.656 15500ns,0.68 15510ns,0.68 15520ns,0.696 15530ns,0.704 15540ns,0.704 15550ns,0.712 15560ns,0.712 15570ns,0.696 15580ns,0.704 15590ns,0.696 15600ns,0.696 15610ns,0.68 15620ns,0.68 15630ns,0.688 15640ns,0.696 15650ns,0.696 15660ns,0.696 15670ns,0.712 15680ns,0.704 15690ns,0.712 15700ns,0.712 15710ns,0.712 15720ns,0.72 15730ns,0.72 15740ns,0.72 15750ns,0.712 15760ns,0.712 15770ns,0.712 15780ns,0.704 15790ns,0.704 15800ns,0.704 15810ns,0.704 15820ns,0.704 15830ns,0.704 15840ns,0.704 15850ns,0.712 15860ns,0.704 15870ns,0.712 15880ns,0.712 15890ns,0.712 15900ns,0.736 15910ns,0.736 15920ns,0.752 15930ns,0.752 15940ns,0.752 15950ns,0.752 15960ns,0.744 15970ns,0.736 15980ns,0.752 15990ns,0.736 16000ns,0.736 16010ns,0.736 16020ns,0.728 16030ns,0.752 16040ns,0.736 16050ns,0.752 16060ns,0.768 16070ns,0.768 16080ns,0.784 16090ns,0.784 16100ns,0.768 16110ns,0.752 16120ns,0.744 16130ns,0.736 16140ns,0.736 16150ns,0.744 16160ns,0.752 16170ns,0.768 16180ns,0.752 16190ns,0.752 16200ns,0.752 16210ns,0.744 16220ns,0.728 16230ns,0.72 16240ns,0.72 16250ns,0.72 16260ns,0.712 16270ns,0.704 16280ns,0.704 16290ns,0.696 16300ns,0.696 16310ns,0.704 16320ns,0.704 16330ns,0.704 16340ns,0.72 16350ns,0.72 16360ns,0.736 16370ns,0.744 16380ns,0.736 16390ns,0.752 16400ns,0.76 16410ns,0.752 16420ns,0.768 16430ns,0.752 16440ns,0.752 16450ns,0.736 16460ns,0.736 16470ns,0.72 16480ns,0.704 16490ns,0.704 16500ns,0.704 16510ns,0.696 16520ns,0.696 16530ns,0.696 16540ns,0.688 16550ns,0.696 16560ns,0.704 16570ns,0.704 16580ns,0.712 16590ns,0.72 16600ns,0.72 16610ns,0.744 16620ns,0.744 16630ns,0.744 16640ns,0.744 16650ns,0.736 16660ns,0.72 16670ns,0.72 16680ns,0.712 16690ns,0.712 16700ns,0.72 16710ns,0.72 16720ns,0.728 16730ns,0.72 16740ns,0.736 16750ns,0.736 16760ns,0.736 16770ns,0.736 16780ns,0.736 16790ns,0.736 16800ns,0.728 16810ns,0.728 16820ns,0.736 16830ns,0.736 16840ns,0.744 16850ns,0.752 16860ns,0.768 16870ns,0.776 16880ns,0.776 16890ns,0.784 16900ns,0.776 16910ns,0.776 16920ns,0.76 16930ns,0.744 16940ns,0.736 16950ns,0.72 16960ns,0.712 16970ns,0.712 16980ns,0.704 16990ns,0.712 17000ns,0.712 17010ns,0.72 17020ns,0.72 17030ns,0.736 17040ns,0.744 17050ns,0.752 17060ns,0.76 17070ns,0.768 17080ns,0.784 17090ns,0.784 17100ns,0.8 17110ns,0.8 17120ns,0.784 17130ns,0.776 17140ns,0.76 17150ns,0.736 17160ns,0.72 17170ns,0.704 17180ns,0.688 17190ns,0.664 17200ns,0.656 17210ns,0.64 17220ns,0.632 17230ns,0.624 17240ns,0.624 17250ns,0.64 17260ns,0.656 17270ns,0.672 17280ns,0.696 17290ns,0.712 17300ns,0.752 17310ns,0.768 17320ns,0.792 17330ns,0.8 17340ns,0.816 17350ns,0.824 17360ns,0.832 17370ns,0.832 17380ns,0.832 17390ns,0.816 17400ns,0.808 17410ns,0.784 17420ns,0.776 17430ns,0.744 17440ns,0.736 17450ns,0.712 17460ns,0.688 17470ns,0.672 17480ns,0.64 17490ns,0.624 17500ns,0.592 17510ns,0.576 17520ns,0.552 17530ns,0.536 17540ns,0.536 17550ns,0.536 17560ns,0.552 17570ns,0.56 17580ns,0.576 17590ns,0.6 17600ns,0.616 17610ns,0.624 17620ns,0.632 17630ns,0.632 17640ns,0.624 17650ns,0.616 17660ns,0.592 17670ns,0.576 17680ns,0.568 17690ns,0.552 17700ns,0.56 17710ns,0.568 17720ns,0.576 17730ns,0.584 17740ns,0.6 17750ns,0.624 17760ns,0.648 17770ns,0.656 17780ns,0.672 17790ns,0.68 17800ns,0.68 17810ns,0.688 17820ns,0.688 17830ns,0.688 17840ns,0.688 17850ns,0.672 17860ns,0.664 17870ns,0.656 17880ns,0.656 17890ns,0.64 17900ns,0.648 17910ns,0.648 17920ns,0.656 17930ns,0.656 17940ns,0.664 17950ns,0.672 17960ns,0.68 17970ns,0.688 17980ns,0.688 17990ns,0.68 18000ns,0.672 18010ns,0.672 18020ns,0.664 18030ns,0.656 18040ns,0.664 18050ns,0.656 18060ns,0.656 18070ns,0.648 18080ns,0.656 18090ns,0.64 18100ns,0.648 18110ns,0.656 18120ns,0.648 18130ns,0.656 18140ns,0.664 18150ns,0.672 18160ns,0.68 18170ns,0.68 18180ns,0.696 18190ns,0.688 18200ns,0.688 18210ns,0.688 18220ns,0.68 18230ns,0.664 18240ns,0.664 18250ns,0.656 18260ns,0.656 18270ns,0.656 18280ns,0.664 18290ns,0.656 18300ns,0.664 18310ns,0.664 18320ns,0.664 18330ns,0.68 18340ns,0.672 18350ns,0.68 18360ns,0.664 18370ns,0.672 18380ns,0.664 18390ns,0.664 18400ns,0.656 18410ns,0.664 18420ns,0.672 18430ns,0.672 18440ns,0.68 18450ns,0.672 18460ns,0.68 18470ns,0.68 18480ns,0.68 18490ns,0.68 18500ns,0.688 18510ns,0.688 18520ns,0.704 18530ns,0.704 18540ns,0.704 18550ns,0.72 18560ns,0.72 18570ns,0.712 18580ns,0.712 18590ns,0.696 18600ns,0.696 18610ns,0.664 18620ns,0.664 18630ns,0.656 18640ns,0.64 18650ns,0.64 18660ns,0.648 18670ns,0.648 18680ns,0.656 18690ns,0.648 18700ns,0.656 18710ns,0.656 18720ns,0.664 18730ns,0.656 18740ns,0.656 18750ns,0.664 18760ns,0.664 18770ns,0.656 18780ns,0.656 18790ns,0.672 18800ns,0.664 18810ns,0.672 18820ns,0.672 18830ns,0.68 18840ns,0.68 18850ns,0.68 18860ns,0.696 18870ns,0.688 18880ns,0.688 18890ns,0.696 18900ns,0.688 18910ns,0.68 18920ns,0.68 18930ns,0.672 18940ns,0.672 18950ns,0.664 18960ns,0.664 18970ns,0.664 18980ns,0.664 18990ns,0.68 19000ns,0.68 19010ns,0.688 19020ns,0.704 19030ns,0.696 19040ns,0.704 19050ns,0.704 19060ns,0.696 19070ns,0.688 19080ns,0.68 19090ns,0.68 19100ns,0.664 19110ns,0.664 19120ns,0.664 19130ns,0.664 19140ns,0.664 19150ns,0.656 19160ns,0.656 19170ns,0.648 19180ns,0.64 19190ns,0.632 19200ns,0.632 19210ns,0.624 19220ns,0.624 19230ns,0.624 19240ns,0.632 19250ns,0.64 19260ns,0.664 19270ns,0.664 19280ns,0.688 19290ns,0.704 19300ns,0.704 19310ns,0.704 19320ns,0.704 19330ns,0.696 19340ns,0.68 19350ns,0.664 19360ns,0.664 19370ns,0.648 19380ns,0.656 19390ns,0.656 19400ns,0.664 19410ns,0.664 19420ns,0.672 19430ns,0.688 19440ns,0.696 19450ns,0.704 19460ns,0.704 19470ns,0.712 19480ns,0.704 19490ns,0.696 19500ns,0.688 19510ns,0.68 19520ns,0.656 19530ns,0.648 19540ns,0.64 19550ns,0.632 19560ns,0.632 19570ns,0.64 19580ns,0.64 19590ns,0.648 19600ns,0.648 19610ns,0.664 19620ns,0.664 19630ns,0.672 19640ns,0.672 19650ns,0.68 19660ns,0.688 19670ns,0.704 19680ns,0.704 19690ns,0.704 19700ns,0.704 19710ns,0.704 19720ns,0.696 19730ns,0.696 19740ns,0.68 19750ns,0.672 19760ns,0.664 19770ns,0.656 19780ns,0.656 19790ns,0.664 19800ns,0.664 19810ns,0.656 19820ns,0.664 19830ns,0.664 19840ns,0.664 19850ns,0.656 19860ns,0.664 19870ns,0.656 19880ns,0.648 19890ns,0.656 19900ns,0.648 19910ns,0.656 19920ns,0.664 19930ns,0.68 19940ns,0.696 19950ns,0.704 19960ns,0.712 19970ns,0.72 19980ns,0.72 19990ns,0.704 20000ns,0.712 20010ns,0.704 20020ns,0.696 20030ns,0.704 20040ns,0.704 20050ns,0.696 20060ns,0.696 20070ns,0.696 20080ns,0.696 20090ns,0.68 20100ns,0.68 20110ns,0.664 20120ns,0.656 20130ns,0.656 20140ns,0.64 20150ns,0.632 20160ns,0.64 20170ns,0.648 20180ns,0.648 20190ns,0.648 20200ns,0.648 20210ns,0.656 20220ns,0.656 20230ns,0.656 20240ns,0.664 20250ns,0.664 20260ns,0.664 20270ns,0.672 20280ns,0.672 20290ns,0.664 20300ns,0.672 20310ns,0.664 20320ns,0.664 20330ns,0.656 20340ns,0.656 20350ns,0.648 20360ns,0.648 20370ns,0.648 20380ns,0.648 20390ns,0.648 20400ns,0.656 20410ns,0.656 20420ns,0.648 20430ns,0.656 20440ns,0.648 20450ns,0.664 20460ns,0.656 20470ns,0.664 20480ns,0.68 20490ns,0.672 20500ns,0.672 20510ns,0.68 20520ns,0.672 20530ns,0.68 20540ns,0.672 20550ns,0.672 20560ns,0.664 20570ns,0.656 20580ns,0.664 20590ns,0.664 20600ns,0.656 20610ns,0.68 20620ns,0.68 20630ns,0.696 20640ns,0.696 20650ns,0.712 20660ns,0.712 20670ns,0.712 20680ns,0.72 20690ns,0.712 20700ns,0.704 20710ns,0.696 20720ns,0.696 20730ns,0.688 20740ns,0.68 20750ns,0.672 20760ns,0.672 20770ns,0.68 20780ns,0.672 20790ns,0.68 20800ns,0.68 20810ns,0.688 20820ns,0.696 20830ns,0.696 20840ns,0.712 20850ns,0.712 20860ns,0.72 20870ns,0.72 20880ns,0.72 20890ns,0.72 20900ns,0.712 20910ns,0.712 20920ns,0.704 20930ns,0.696 20940ns,0.704 20950ns,0.704 20960ns,0.704 20970ns,0.704 20980ns,0.712 20990ns,0.736 21000ns,0.736 21010ns,0.744 21020ns,0.736 21030ns,0.728 21040ns,0.728 21050ns,0.72 21060ns,0.712 21070ns,0.72 21080ns,0.704 21090ns,0.704 21100ns,0.704 21110ns,0.712 21120ns,0.712 21130ns,0.712 21140ns,0.712 21150ns,0.72 21160ns,0.72 21170ns,0.72 21180ns,0.712 21190ns,0.712 21200ns,0.704 21210ns,0.696 21220ns,0.696 21230ns,0.688 21240ns,0.672 21250ns,0.664 21260ns,0.672 21270ns,0.664 21280ns,0.68 21290ns,0.672 21300ns,0.688 21310ns,0.704 21320ns,0.712 21330ns,0.712 21340ns,0.72 21350ns,0.728 21360ns,0.736 21370ns,0.744 21380ns,0.736 21390ns,0.728 21400ns,0.72 21410ns,0.712 21420ns,0.712 21430ns,0.704 21440ns,0.704 21450ns,0.696 21460ns,0.688 21470ns,0.696 21480ns,0.672 21490ns,0.664 21500ns,0.672 21510ns,0.664 21520ns,0.656 21530ns,0.656 21540ns,0.656 21550ns,0.648 21560ns,0.656 21570ns,0.656 21580ns,0.656 21590ns,0.656 21600ns,0.656 21610ns,0.664 21620ns,0.656 21630ns,0.656 21640ns,0.656 21650ns,0.648 21660ns,0.632 21670ns,0.624 21680ns,0.608 21690ns,0.592 21700ns,0.576 21710ns,0.56 21720ns,0.552 21730ns,0.536 21740ns,0.536 21750ns,0.536 21760ns,0.544 21770ns,0.536 21780ns,0.536 21790ns,0.528 21800ns,0.52 21810ns,0.504 21820ns,0.496 21830ns,0.48 21840ns,0.472 21850ns,0.472 21860ns,0.472 21870ns,0.464 21880ns,0.456 21890ns,0.456 21900ns,0.448 21910ns,0.448 21920ns,0.464 21930ns,0.456 21940ns,0.464 21950ns,0.48 21960ns,0.48 21970ns,0.48 21980ns,0.472 21990ns,0.456 22000ns,0.448 22010ns,0.448 22020ns,0.432 22030ns,0.432 22040ns,0.424 22050ns,0.44 22060ns,0.44 22070ns,0.432 22080ns,0.424 22090ns,0.432 22100ns,0.44 22110ns,0.432 22120ns,0.432 22130ns,0.424 22140ns,0.44 22150ns,0.432 22160ns,0.432 22170ns,0.432 22180ns,0.44 22190ns,0.432 22200ns,0.44 22210ns,0.448 22220ns,0.44 22230ns,0.44 22240ns,0.448 22250ns,0.44 22260ns,0.44 22270ns,0.44 22280ns,0.44 22290ns,0.432 22300ns,0.44 22310ns,0.432 22320ns,0.432 22330ns,0.424 22340ns,0.432 22350ns,0.432 22360ns,0.44 22370ns,0.44 22380ns,0.44 22390ns,0.448 22400ns,0.44 22410ns,0.448 22420ns,0.448 22430ns,0.448 22440ns,0.448 22450ns,0.44 22460ns,0.448 22470ns,0.448 22480ns,0.432 22490ns,0.432 22500ns,0.432 22510ns,0.424 22520ns,0.424 22530ns,0.424 22540ns,0.432 22550ns,0.416 22560ns,0.424 22570ns,0.416 22580ns,0.424 22590ns,0.432 22600ns,0.432 22610ns,0.44 22620ns,0.44 22630ns,0.448 22640ns,0.456 22650ns,0.448 22660ns,0.456 22670ns,0.456 22680ns,0.448 22690ns,0.448 22700ns,0.448 22710ns,0.448 22720ns,0.424 22730ns,0.432 22740ns,0.424 22750ns,0.408 22760ns,0.416 22770ns,0.408 22780ns,0.4 22790ns,0.416 22800ns,0.416 22810ns,0.432 22820ns,0.432 22830ns,0.448 22840ns,0.448 22850ns,0.448 22860ns,0.448 22870ns,0.456 22880ns,0.448 22890ns,0.448 22900ns,0.448 22910ns,0.44 22920ns,0.424 22930ns,0.432 22940ns,0.424 22950ns,0.416 22960ns,0.416 22970ns,0.416 22980ns,0.424 22990ns,0.424 23000ns,0.416 23010ns,0.432 23020ns,0.424 23030ns,0.44 23040ns,0.424 23050ns,0.432 23060ns,0.424 23070ns,0.424 23080ns,0.424 23090ns,0.424 23100ns,0.424 23110ns,0.44 23120ns,0.44 23130ns,0.448 23140ns,0.456 23150ns,0.448 23160ns,0.464 23170ns,0.472 23180ns,0.464 23190ns,0.448 23200ns,0.448 23210ns,0.456 23220ns,0.456 23230ns,0.448 23240ns,0.456 23250ns,0.448 23260ns,0.448 23270ns,0.432 23280ns,0.432 23290ns,0.424 23300ns,0.448 23310ns,0.448 23320ns,0.488 23330ns,0.512 23340ns,0.552 23350ns,0.576 23360ns,0.584 23370ns,0.6 23380ns,0.608 23390ns,0.592 23400ns,0.6 23410ns,0.584 23420ns,0.576 23430ns,0.576 23440ns,0.56 23450ns,0.544 23460ns,0.544 23470ns,0.536 23480ns,0.536 23490ns,0.544 23500ns,0.544 23510ns,0.544 23520ns,0.552 23530ns,0.552 23540ns,0.568 23550ns,0.56 23560ns,0.568 23570ns,0.576 23580ns,0.584 23590ns,0.6 23600ns,0.6 23610ns,0.616 23620ns,0.624 23630ns,0.64 23640ns,0.648 23650ns,0.648 23660ns,0.656 23670ns,0.648 23680ns,0.656 23690ns,0.648 23700ns,0.656 23710ns,0.656 23720ns,0.656 23730ns,0.656 23740ns,0.672 23750ns,0.68 23760ns,0.696 23770ns,0.704 23780ns,0.704 23790ns,0.704 23800ns,0.712 23810ns,0.704 23820ns,0.688 23830ns,0.688 23840ns,0.672 23850ns,0.664 23860ns,0.656 23870ns,0.656 23880ns,0.656 23890ns,0.656 23900ns,0.664 23910ns,0.664 23920ns,0.664 23930ns,0.672 23940ns,0.672 23950ns,0.672 23960ns,0.672 23970ns,0.656 23980ns,0.664 23990ns,0.664 24000ns,0.656 24010ns,0.656 24020ns,0.64 24030ns,0.648 24040ns,0.632 24050ns,0.632 24060ns,0.632 24070ns,0.632 24080ns,0.632 24090ns,0.632 24100ns,0.64 24110ns,0.64 24120ns,0.648 24130ns,0.648 24140ns,0.648 24150ns,0.656 24160ns,0.632 24170ns,0.64 24180ns,0.624 24190ns,0.632 24200ns,0.616 24210ns,0.624 24220ns,0.624 24230ns,0.624 24240ns,0.632 24250ns,0.632 24260ns,0.632 24270ns,0.64 24280ns,0.648 24290ns,0.648 24300ns,0.656 24310ns,0.656 24320ns,0.648 24330ns,0.656 24340ns,0.648 24350ns,0.648 24360ns,0.632 24370ns,0.632 24380ns,0.632 24390ns,0.632 24400ns,0.624 24410ns,0.632 24420ns,0.632 24430ns,0.632 24440ns,0.632 24450ns,0.632 24460ns,0.624 24470ns,0.632 24480ns,0.624 24490ns,0.624 24500ns,0.632 24510ns,0.632 24520ns,0.632 24530ns,0.656 24540ns,0.656 24550ns,0.656 24560ns,0.656 24570ns,0.664 24580ns,0.664 24590ns,0.656 24600ns,0.656 24610ns,0.648 24620ns,0.64 24630ns,0.624 24640ns,0.632 24650ns,0.632 24660ns,0.624 24670ns,0.624 24680ns,0.632 24690ns,0.632 24700ns,0.632 24710ns,0.64 24720ns,0.64 24730ns,0.648 24740ns,0.648 24750ns,0.648 24760ns,0.656 24770ns,0.64 24780ns,0.648 24790ns,0.64 24800ns,0.64 24810ns,0.64 24820ns,0.64 24830ns,0.64 24840ns,0.632 24850ns,0.632 24860ns,0.632 24870ns,0.632 24880ns,0.616 24890ns,0.632 24900ns,0.632 24910ns,0.64 24920ns,0.648 24930ns,0.656 24940ns,0.672 24950ns,0.672 24960ns,0.68 24970ns,0.68 24980ns,0.664 24990ns,0.672 25000ns,0.664 25010ns,0.664 25020ns,0.656 25030ns,0.656 25040ns,0.656 25050ns,0.656 25060ns,0.648 25070ns,0.64 25080ns,0.64 25090ns,0.632 25100ns,0.632 25110ns,0.624 25120ns,0.632 25130ns,0.624 25140ns,0.632 25150ns,0.64 25160ns,0.656 25170ns,0.656 25180ns,0.664 25190ns,0.672 25200ns,0.672 25210ns,0.672 25220ns,0.664 25230ns,0.664 25240ns,0.664 25250ns,0.656 25260ns,0.648 25270ns,0.656 25280ns,0.648 25290ns,0.64 25300ns,0.64 25310ns,0.64 25320ns,0.632 25330ns,0.64 25340ns,0.632 25350ns,0.632 25360ns,0.64 25370ns,0.648 25380ns,0.648 25390ns,0.656 25400ns,0.656 25410ns,0.664 25420ns,0.664 25430ns,0.656 25440ns,0.664 25450ns,0.664 25460ns,0.656 25470ns,0.664 25480ns,0.656 25490ns,0.656 25500ns,0.656 25510ns,0.656 25520ns,0.656 25530ns,0.656 25540ns,0.656 25550ns,0.656 25560ns,0.656 25570ns,0.656 25580ns,0.656 25590ns,0.656 25600ns,0.664 25610ns,0.656 25620ns,0.664 25630ns,0.664 25640ns,0.664 25650ns,0.664 25660ns,0.672 25670ns,0.672 25680ns,0.672 25690ns,0.672 25700ns,0.672 25710ns,0.664 25720ns,0.664 25730ns,0.656 25740ns,0.656 25750ns,0.648 25760ns,0.648 25770ns,0.656 25780ns,0.656 25790ns,0.648 25800ns,0.648 25810ns,0.656 25820ns,0.664 25830ns,0.664 25840ns,0.664 25850ns,0.664 25860ns,0.672 25870ns,0.672 25880ns,0.664 25890ns,0.672 25900ns,0.664 25910ns,0.664 25920ns,0.664 25930ns,0.656 25940ns,0.656 25950ns,0.656 25960ns,0.656 25970ns,0.656 25980ns,0.656 25990ns,0.656 26000ns,0.656 26010ns,0.664 26020ns,0.664 26030ns,0.664 26040ns,0.672 26050ns,0.68 26060ns,0.688 26070ns,0.688 26080ns,0.688 26090ns,0.688 26100ns,0.688 26110ns,0.688 26120ns,0.688 26130ns,0.688 26140ns,0.68 26150ns,0.672 26160ns,0.672 26170ns,0.664 26180ns,0.664 26190ns,0.656 26200ns,0.656 26210ns,0.64 26220ns,0.656 26230ns,0.648 26240ns,0.64 26250ns,0.632 26260ns,0.632 26270ns,0.648 26280ns,0.656 26290ns,0.64 26300ns,0.656 26310ns,0.664 26320ns,0.664 26330ns,0.672 26340ns,0.664 26350ns,0.68 26360ns,0.68 26370ns,0.672 26380ns,0.672 26390ns,0.664 26400ns,0.656 26410ns,0.656 26420ns,0.656 26430ns,0.656 26440ns,0.664 26450ns,0.664 26460ns,0.664 26470ns,0.664 26480ns,0.672 26490ns,0.664 26500ns,0.664 26510ns,0.656 26520ns,0.656 26530ns,0.656 26540ns,0.656 26550ns,0.664 26560ns,0.656 26570ns,0.672 26580ns,0.672 26590ns,0.68 26600ns,0.68 26610ns,0.68 26620ns,0.672 26630ns,0.664 26640ns,0.664 26650ns,0.648 26660ns,0.632 26670ns,0.624 26680ns,0.624 26690ns,0.624 26700ns,0.624 26710ns,0.632 26720ns,0.64 26730ns,0.656 26740ns,0.656 26750ns,0.672 26760ns,0.68 26770ns,0.68 26780ns,0.688 26790ns,0.68 26800ns,0.672 26810ns,0.672 26820ns,0.664 26830ns,0.656 26840ns,0.656 26850ns,0.664 26860ns,0.656 26870ns,0.656 26880ns,0.664 26890ns,0.664 26900ns,0.672 26910ns,0.68 26920ns,0.688 26930ns,0.696 26940ns,0.704 26950ns,0.712 26960ns,0.72 26970ns,0.72 26980ns,0.72 26990ns,0.736 27000ns,0.712 27010ns,0.72 27020ns,0.704 27030ns,0.696 27040ns,0.688 27050ns,0.696 27060ns,0.688 27070ns,0.696 27080ns,0.704 27090ns,0.712 27100ns,0.72 27110ns,0.736 27120ns,0.736 27130ns,0.736 27140ns,0.728 27150ns,0.728 27160ns,0.712 27170ns,0.704 27180ns,0.704 27190ns,0.704 27200ns,0.704 27210ns,0.704 27220ns,0.704 27230ns,0.696 27240ns,0.696 27250ns,0.696 27260ns,0.68 27270ns,0.68 27280ns,0.68 27290ns,0.68 27300ns,0.664 27310ns,0.672 27320ns,0.68 27330ns,0.68 27340ns,0.672 27350ns,0.688 27360ns,0.688 27370ns,0.704 27380ns,0.696 27390ns,0.704 27400ns,0.704 27410ns,0.704 27420ns,0.704 27430ns,0.704 27440ns,0.704 27450ns,0.704 27460ns,0.712 27470ns,0.704 27480ns,0.712 27490ns,0.704 27500ns,0.696 27510ns,0.688 27520ns,0.688 27530ns,0.664 27540ns,0.664 27550ns,0.648 27560ns,0.648 27570ns,0.648 27580ns,0.64 27590ns,0.632 27600ns,0.632 27610ns,0.632 27620ns,0.616 27630ns,0.616 27640ns,0.6 27650ns,0.592 27660ns,0.576 27670ns,0.568 27680ns,0.552 27690ns,0.552 27700ns,0.552 27710ns,0.56 27720ns,0.576 27730ns,0.584 27740ns,0.6 27750ns,0.624 27760ns,0.64 27770ns,0.648 27780ns,0.664 27790ns,0.672 27800ns,0.672 27810ns,0.672 27820ns,0.672 27830ns,0.656 27840ns,0.64 27850ns,0.624 27860ns,0.6 27870ns,0.584 27880ns,0.576 27890ns,0.576 27900ns,0.584 27910ns,0.592 27920ns,0.608 27930ns,0.616 27940ns,0.632 27950ns,0.648 27960ns,0.64 27970ns,0.648 27980ns,0.64 27990ns,0.64 28000ns,0.648 28010ns,0.648 28020ns,0.64 28030ns,0.64 28040ns,0.632 28050ns,0.64 28060ns,0.632 28070ns,0.64 28080ns,0.632 28090ns,0.632 28100ns,0.632 28110ns,0.632 28120ns,0.632 28130ns,0.624 28140ns,0.632 28150ns,0.632 28160ns,0.632 28170ns,0.64 28180ns,0.64 28190ns,0.656 28200ns,0.656 28210ns,0.664 28220ns,0.672 28230ns,0.688 28240ns,0.688 28250ns,0.696 28260ns,0.696 28270ns,0.696 28280ns,0.696 28290ns,0.68 28300ns,0.672 28310ns,0.656 28320ns,0.656 28330ns,0.64 28340ns,0.632 28350ns,0.624 28360ns,0.624 28370ns,0.616 28380ns,0.616 28390ns,0.616 28400ns,0.624 28410ns,0.616 28420ns,0.632 28430ns,0.64 28440ns,0.648 28450ns,0.656 28460ns,0.672 28470ns,0.672 28480ns,0.672 28490ns,0.672 28500ns,0.664 28510ns,0.656 28520ns,0.656 28530ns,0.656 28540ns,0.632 28550ns,0.64 28560ns,0.632 28570ns,0.64 28580ns,0.632 28590ns,0.632 28600ns,0.632 28610ns,0.632 28620ns,0.624 28630ns,0.624 28640ns,0.624 28650ns,0.632 28660ns,0.64 28670ns,0.632 28680ns,0.64 28690ns,0.64 28700ns,0.64 28710ns,0.632 28720ns,0.632 28730ns,0.624 28740ns,0.624 28750ns,0.624 28760ns,0.624 28770ns,0.624 28780ns,0.64 28790ns,0.632 28800ns,0.64 28810ns,0.656 28820ns,0.656 28830ns,0.656 28840ns,0.656 28850ns,0.648 28860ns,0.648 28870ns,0.632 28880ns,0.632 28890ns,0.624 28900ns,0.616 28910ns,0.6 28920ns,0.616 28930ns,0.6 28940ns,0.608 28950ns,0.6 28960ns,0.6 28970ns,0.592 28980ns,0.584 28990ns,0.576 29000ns,0.568 29010ns,0.544 29020ns,0.544 29030ns,0.544 29040ns,0.544 29050ns,0.56 29060ns,0.568 29070ns,0.576 29080ns,0.592 29090ns,0.6 29100ns,0.6 29110ns,0.6 29120ns,0.6 29130ns,0.592 29140ns,0.584 29150ns,0.576 29160ns,0.584 29170ns,0.576 29180ns,0.576 29190ns,0.576 29200ns,0.568 29210ns,0.568 29220ns,0.576 29230ns,0.576 29240ns,0.576 29250ns,0.576 29260ns,0.576 29270ns,0.576 29280ns,0.576 29290ns,0.576 29300ns,0.576 29310ns,0.584 29320ns,0.592 29330ns,0.592 29340ns,0.608 29350ns,0.616 29360ns,0.624 29370ns,0.632 29380ns,0.632 29390ns,0.632 29400ns,0.616 29410ns,0.616 29420ns,0.608 29430ns,0.6 29440ns,0.592 29450ns,0.6 29460ns,0.592 29470ns,0.6 29480ns,0.608 29490ns,0.616 29500ns,0.624 29510ns,0.624 29520ns,0.632 29530ns,0.632 29540ns,0.64 29550ns,0.64 29560ns,0.64 29570ns,0.632 29580ns,0.632 29590ns,0.624 29600ns,0.624 29610ns,0.624 29620ns,0.632 29630ns,0.632 29640ns,0.624 29650ns,0.632 29660ns,0.632 29670ns,0.632 29680ns,0.624 29690ns,0.624 29700ns,0.608 29710ns,0.6 29720ns,0.592 29730ns,0.576 29740ns,0.584 29750ns,0.576 29760ns,0.592 29770ns,0.616 29780ns,0.616 29790ns,0.64 29800ns,0.648 29810ns,0.656 29820ns,0.656 29830ns,0.656 29840ns,0.648 29850ns,0.64 29860ns,0.632 29870ns,0.624 29880ns,0.624 29890ns,0.624 29900ns,0.632 29910ns,0.64 29920ns,0.656 29930ns,0.656 29940ns,0.672 29950ns,0.68 29960ns,0.672 29970ns,0.68 29980ns,0.672 29990ns,0.672 30000ns,0.664 30010ns,0.672 30020ns,0.664 30030ns,0.664 30040ns,0.664 30050ns,0.664 30060ns,0.664 30070ns,0.656 30080ns,0.656 30090ns,0.656 30100ns,0.648 30110ns,0.648 30120ns,0.648 30130ns,0.648 30140ns,0.64 30150ns,0.64 30160ns,0.632 30170ns,0.632 30180ns,0.632 30190ns,0.624 30200ns,0.616 30210ns,0.624 30220ns,0.616 30230ns,0.616 30240ns,0.616 30250ns,0.632 30260ns,0.632 30270ns,0.648 30280ns,0.656 30290ns,0.672 30300ns,0.68 30310ns,0.68 30320ns,0.672 30330ns,0.664 30340ns,0.648 30350ns,0.632 30360ns,0.6 30370ns,0.576 30380ns,0.56 30390ns,0.536 30400ns,0.52 30410ns,0.504 30420ns,0.504 30430ns,0.536 30440ns,0.544 30450ns,0.568 30460ns,0.576 30470ns,0.584 30480ns,0.6 30490ns,0.608 30500ns,0.632 30510ns,0.624 30520ns,0.64 30530ns,0.648 30540ns,0.656 30550ns,0.648 30560ns,0.656 30570ns,0.656 30580ns,0.656 30590ns,0.656 30600ns,0.664 30610ns,0.68 30620ns,0.68 30630ns,0.696 30640ns,0.696 30650ns,0.696 30660ns,0.696 30670ns,0.688 30680ns,0.68 30690ns,0.672 30700ns,0.672 30710ns,0.664 30720ns,0.672 30730ns,0.664 30740ns,0.672 30750ns,0.664 30760ns,0.664 30770ns,0.672 30780ns,0.664 30790ns,0.672 30800ns,0.672 30810ns,0.664 30820ns,0.664 30830ns,0.664 30840ns,0.664 30850ns,0.648 30860ns,0.648 30870ns,0.648 30880ns,0.64 30890ns,0.64 30900ns,0.632 30910ns,0.648 30920ns,0.64 30930ns,0.64 30940ns,0.64 30950ns,0.648 30960ns,0.648 30970ns,0.64 30980ns,0.64 30990ns,0.64 31000ns,0.632 31010ns,0.64 31020ns,0.632 31030ns,0.64 31040ns,0.64 31050ns,0.648 31060ns,0.64 31070ns,0.648 31080ns,0.656 31090ns,0.656 31100ns,0.648 31110ns,0.656 31120ns,0.648 31130ns,0.656 31140ns,0.664 31150ns,0.656 31160ns,0.664 31170ns,0.664 31180ns,0.656 31190ns,0.664 31200ns,0.664 31210ns,0.672 31220ns,0.672 31230ns,0.704 31240ns,0.704 31250ns,0.72 31260ns,0.744 31270ns,0.76 31280ns,0.776 31290ns,0.784 31300ns,0.792 31310ns,0.8 31320ns,0.808 31330ns,0.808 31340ns,0.8 31350ns,0.784 31360ns,0.784 31370ns,0.776 31380ns,0.76 31390ns,0.76 31400ns,0.752 31410ns,0.752 31420ns,0.76 31430ns,0.76 31440ns,0.768 31450ns,0.776 31460ns,0.776 31470ns,0.784 31480ns,0.792 31490ns,0.792 31500ns,0.792 31510ns,0.792 31520ns,0.784 31530ns,0.792 31540ns,0.784 31550ns,0.784 31560ns,0.776 31570ns,0.776 31580ns,0.768 31590ns,0.76 31600ns,0.752 31610ns,0.744 31620ns,0.736 31630ns,0.744 31640ns,0.736 31650ns,0.736 31660ns,0.736 31670ns,0.736 31680ns,0.728 31690ns,0.728 31700ns,0.736 31710ns,0.736 31720ns,0.728 31730ns,0.736 31740ns,0.736 31750ns,0.744 31760ns,0.744 31770ns,0.752 31780ns,0.768 31790ns,0.768 31800ns,0.768 31810ns,0.752 31820ns,0.76 31830ns,0.744 31840ns,0.736 31850ns,0.72 31860ns,0.712 31870ns,0.704 31880ns,0.704 31890ns,0.704 31900ns,0.704 31910ns,0.704 31920ns,0.712 31930ns,0.712 31940ns,0.736 31950ns,0.744 31960ns,0.744 31970ns,0.752 31980ns,0.752 31990ns,0.744 32000ns,0.736 32010ns,0.72 32020ns,0.712 32030ns,0.704 32040ns,0.696 32050ns,0.696 32060ns,0.688 32070ns,0.704 32080ns,0.704 32090ns,0.712 32100ns,0.736 32110ns,0.736 32120ns,0.752 32130ns,0.752 32140ns,0.752 32150ns,0.76 32160ns,0.76 32170ns,0.76 32180ns,0.76 32190ns,0.752 32200ns,0.76 32210ns,0.752 32220ns,0.752 32230ns,0.752 32240ns,0.744 32250ns,0.736 32260ns,0.736 32270ns,0.728 32280ns,0.72 32290ns,0.72 32300ns,0.72 32310ns,0.728 32320ns,0.728 32330ns,0.744 32340ns,0.752 32350ns,0.76 32360ns,0.768 32370ns,0.768 32380ns,0.776 32390ns,0.784 32400ns,0.784 32410ns,0.776 32420ns,0.784 32430ns,0.776 32440ns,0.776 32450ns,0.776 32460ns,0.768 32470ns,0.768 32480ns,0.768 32490ns,0.768 32500ns,0.768 32510ns,0.776 32520ns,0.784 32530ns,0.776 32540ns,0.784 32550ns,0.784 32560ns,0.784 32570ns,0.776 32580ns,0.776 32590ns,0.776 32600ns,0.784 32610ns,0.784 32620ns,0.784 32630ns,0.784 32640ns,0.784 32650ns,0.784 32660ns,0.784 32670ns,0.784 32680ns,0.776 32690ns,0.776 32700ns,0.776 32710ns,0.768 32720ns,0.768 32730ns,0.76 32740ns,0.752 32750ns,0.752 32760ns,0.744 32770ns,0.752 32780ns,0.744 32790ns,0.752 32800ns,0.76 32810ns,0.76 32820ns,0.76 32830ns,0.76 32840ns,0.76 32850ns,0.752 32860ns,0.744 32870ns,0.752 32880ns,0.744 32890ns,0.736 32900ns,0.736 32910ns,0.736 32920ns,0.744 32930ns,0.744 32940ns,0.744 32950ns,0.752 32960ns,0.752 32970ns,0.76 32980ns,0.76 32990ns,0.768 33000ns,0.76 33010ns,0.76 33020ns,0.768 33030ns,0.76 33040ns,0.76 33050ns,0.768 33060ns,0.76 33070ns,0.76 33080ns,0.768 33090ns,0.76 33100ns,0.752 33110ns,0.752 33120ns,0.736 33130ns,0.72 33140ns,0.72 33150ns,0.712 33160ns,0.704 33170ns,0.704 33180ns,0.696 33190ns,0.688 33200ns,0.696 33210ns,0.688 33220ns,0.688 33230ns,0.696 33240ns,0.696 33250ns,0.704 33260ns,0.704 33270ns,0.704 33280ns,0.712 33290ns,0.712 33300ns,0.736 33310ns,0.736 33320ns,0.744 33330ns,0.744 33340ns,0.744 33350ns,0.752 33360ns,0.728 33370ns,0.728 33380ns,0.712 33390ns,0.704 33400ns,0.704 33410ns,0.696 33420ns,0.688 33430ns,0.696 33440ns,0.696 33450ns,0.696 33460ns,0.712 33470ns,0.72 33480ns,0.744 33490ns,0.752 33500ns,0.776 33510ns,0.784 33520ns,0.808 33530ns,0.808 33540ns,0.816 33550ns,0.816 33560ns,0.808 33570ns,0.8 33580ns,0.784 33590ns,0.768 33600ns,0.76 33610ns,0.744 33620ns,0.728 33630ns,0.72 33640ns,0.72 33650ns,0.72 33660ns,0.728 33670ns,0.728 33680ns,0.744 33690ns,0.752 33700ns,0.752 33710ns,0.76 33720ns,0.776 33730ns,0.768 33740ns,0.76 33750ns,0.768 33760ns,0.76 33770ns,0.752 33780ns,0.752 33790ns,0.752 33800ns,0.752 33810ns,0.736 33820ns,0.736 33830ns,0.728 33840ns,0.72 33850ns,0.712 33860ns,0.704 33870ns,0.704 33880ns,0.696 33890ns,0.696 33900ns,0.704 33910ns,0.704 33920ns,0.712 33930ns,0.712 33940ns,0.72 33950ns,0.736 33960ns,0.736 33970ns,0.752 33980ns,0.744 33990ns,0.744 34000ns,0.744 34010ns,0.736 34020ns,0.744 34030ns,0.736 34040ns,0.728 34050ns,0.72 34060ns,0.712 34070ns,0.712 34080ns,0.704 34090ns,0.704 34100ns,0.704 34110ns,0.696 34120ns,0.696 34130ns,0.696 34140ns,0.696 34150ns,0.696 34160ns,0.696 34170ns,0.704 34180ns,0.696 34190ns,0.704 34200ns,0.704 34210ns,0.704 34220ns,0.712 34230ns,0.704 34240ns,0.712 34250ns,0.704 34260ns,0.704 34270ns,0.704 34280ns,0.696 34290ns,0.696 34300ns,0.68 34310ns,0.672 34320ns,0.664 34330ns,0.664 34340ns,0.672 34350ns,0.672 34360ns,0.672 34370ns,0.688 34380ns,0.696 34390ns,0.712 34400ns,0.712 34410ns,0.72 34420ns,0.736 34430ns,0.736 34440ns,0.752 34450ns,0.736 34460ns,0.736 34470ns,0.736 34480ns,0.736 34490ns,0.72 34500ns,0.72 34510ns,0.712 34520ns,0.704 34530ns,0.696 34540ns,0.696 34550ns,0.68 34560ns,0.68 34570ns,0.688 34580ns,0.688 34590ns,0.704 34600ns,0.696 34610ns,0.712 34620ns,0.712 34630ns,0.728 34640ns,0.728 34650ns,0.736 34660ns,0.736 34670ns,0.728 34680ns,0.72 34690ns,0.72 34700ns,0.72 34710ns,0.72 34720ns,0.712 34730ns,0.704 34740ns,0.704 34750ns,0.704 34760ns,0.704 34770ns,0.704 34780ns,0.696 34790ns,0.696 34800ns,0.696 34810ns,0.712 34820ns,0.704 34830ns,0.736 34840ns,0.752 34850ns,0.768 34860ns,0.784 34870ns,0.792 34880ns,0.792 34890ns,0.784 34900ns,0.776 34910ns,0.776 34920ns,0.752 34930ns,0.736 34940ns,0.72 34950ns,0.704 34960ns,0.696 34970ns,0.696 34980ns,0.688 34990ns,0.696 35000ns,0.704 35010ns,0.712 35020ns,0.72 35030ns,0.728 35040ns,0.736 35050ns,0.736 35060ns,0.736 35070ns,0.744 35080ns,0.736 35090ns,0.736 35100ns,0.72 35110ns,0.72 35120ns,0.728 35130ns,0.728 35140ns,0.728 35150ns,0.744 35160ns,0.744 35170ns,0.736 35180ns,0.736 35190ns,0.736 35200ns,0.736 35210ns,0.712 35220ns,0.712 35230ns,0.712 35240ns,0.704 35250ns,0.704 35260ns,0.704 35270ns,0.704 35280ns,0.712 35290ns,0.712 35300ns,0.728 35310ns,0.728 35320ns,0.736 35330ns,0.744 35340ns,0.736 35350ns,0.744 35360ns,0.736 35370ns,0.736 35380ns,0.736 35390ns,0.72 35400ns,0.72 35410ns,0.704 35420ns,0.704 35430ns,0.696 35440ns,0.696 35450ns,0.688 35460ns,0.688 35470ns,0.68 35480ns,0.688 35490ns,0.688 35500ns,0.696 35510ns,0.704 35520ns,0.704 35530ns,0.712 35540ns,0.72 35550ns,0.72 35560ns,0.728 35570ns,0.728 35580ns,0.736 35590ns,0.728 35600ns,0.728 35610ns,0.728 35620ns,0.72 35630ns,0.712 35640ns,0.704 35650ns,0.704 35660ns,0.688 35670ns,0.68 35680ns,0.664 35690ns,0.656 35700ns,0.656 35710ns,0.656 35720ns,0.664 35730ns,0.664 35740ns,0.68 35750ns,0.696 35760ns,0.704 35770ns,0.72 35780ns,0.736 35790ns,0.744 35800ns,0.744 35810ns,0.752 35820ns,0.752 35830ns,0.736 35840ns,0.728 35850ns,0.712 35860ns,0.696 35870ns,0.68 35880ns,0.664 35890ns,0.656 35900ns,0.648 35910ns,0.656 35920ns,0.664 35930ns,0.672 35940ns,0.68 35950ns,0.704 35960ns,0.72 35970ns,0.736 35980ns,0.736 35990ns,0.736 36000ns,0.744 36010ns,0.728 36020ns,0.712 36030ns,0.704 36040ns,0.688 36050ns,0.688 36060ns,0.672 36070ns,0.672 36080ns,0.664 36090ns,0.672 36100ns,0.68 36110ns,0.68 36120ns,0.696 36130ns,0.704 36140ns,0.72 36150ns,0.72 36160ns,0.72 36170ns,0.728 36180ns,0.736 36190ns,0.728 36200ns,0.72 36210ns,0.736 36220ns,0.736 36230ns,0.728 36240ns,0.728 36250ns,0.736 36260ns,0.736 36270ns,0.72 36280ns,0.72 36290ns,0.72 36300ns,0.704 36310ns,0.704 36320ns,0.696 36330ns,0.688 36340ns,0.68 36350ns,0.68 36360ns,0.672 36370ns,0.672 36380ns,0.672 36390ns,0.688 36400ns,0.688 36410ns,0.704 36420ns,0.704 36430ns,0.712 36440ns,0.72 36450ns,0.712 36460ns,0.736 36470ns,0.728 36480ns,0.72 36490ns,0.728 36500ns,0.72 36510ns,0.72 36520ns,0.72 36530ns,0.72 36540ns,0.712 36550ns,0.72 36560ns,0.712 36570ns,0.704 36580ns,0.704 36590ns,0.704 36600ns,0.696 36610ns,0.688 36620ns,0.68 36630ns,0.688 36640ns,0.672 36650ns,0.688 36660ns,0.696 36670ns,0.696 36680ns,0.704 36690ns,0.704 36700ns,0.704 36710ns,0.712 36720ns,0.704 36730ns,0.712 36740ns,0.712 36750ns,0.704 36760ns,0.712 36770ns,0.712 36780ns,0.712 36790ns,0.712 36800ns,0.72 36810ns,0.72 36820ns,0.712 36830ns,0.712 36840ns,0.704 36850ns,0.696 36860ns,0.688 36870ns,0.688 36880ns,0.688 36890ns,0.688 36900ns,0.696 36910ns,0.704 36920ns,0.704 36930ns,0.712 36940ns,0.72 36950ns,0.736 36960ns,0.744 36970ns,0.744 36980ns,0.744 36990ns,0.736 37000ns,0.736 37010ns,0.736 37020ns,0.728 37030ns,0.72 37040ns,0.72 37050ns,0.712 37060ns,0.704 37070ns,0.704 37080ns,0.696 37090ns,0.688 37100ns,0.688 37110ns,0.696 37120ns,0.68 37130ns,0.696 37140ns,0.696 37150ns,0.704 37160ns,0.696 37170ns,0.704 37180ns,0.696 37190ns,0.688 37200ns,0.68 37210ns,0.664 37220ns,0.656 37230ns,0.664 37240ns,0.656 37250ns,0.656 37260ns,0.664 37270ns,0.664 37280ns,0.688 37290ns,0.704 37300ns,0.704 37310ns,0.712 37320ns,0.72 37330ns,0.72 37340ns,0.728 37350ns,0.72 37360ns,0.712 37370ns,0.704 37380ns,0.704 37390ns,0.696 37400ns,0.696 37410ns,0.696 37420ns,0.68 37430ns,0.672 37440ns,0.672 37450ns,0.664 37460ns,0.656 37470ns,0.656 37480ns,0.648 37490ns,0.656 37500ns,0.664 37510ns,0.672 37520ns,0.68 37530ns,0.704 37540ns,0.704 37550ns,0.72 37560ns,0.736 37570ns,0.728 37580ns,0.744 37590ns,0.736 37600ns,0.728 37610ns,0.72 37620ns,0.712 37630ns,0.704 37640ns,0.704 37650ns,0.704 37660ns,0.696 37670ns,0.696 37680ns,0.704 37690ns,0.696 37700ns,0.696 37710ns,0.704 37720ns,0.704 37730ns,0.712 37740ns,0.72 37750ns,0.704 37760ns,0.72 37770ns,0.72 37780ns,0.712 37790ns,0.704 37800ns,0.712 37810ns,0.712 37820ns,0.704 37830ns,0.696 37840ns,0.696 37850ns,0.696 37860ns,0.688 37870ns,0.68 37880ns,0.68 37890ns,0.672 37900ns,0.672 37910ns,0.664 37920ns,0.672 37930ns,0.68 37940ns,0.688 37950ns,0.688 37960ns,0.696 37970ns,0.704 37980ns,0.704 37990ns,0.712 38000ns,0.712 38010ns,0.712 38020ns,0.712 38030ns,0.704 38040ns,0.704 38050ns,0.696 38060ns,0.688 38070ns,0.68 38080ns,0.68 38090ns,0.672 38100ns,0.688 38110ns,0.68 38120ns,0.688 38130ns,0.688 38140ns,0.68 38150ns,0.68 38160ns,0.672 38170ns,0.664 38180ns,0.68 38190ns,0.68 38200ns,0.672 38210ns,0.688 38220ns,0.688 38230ns,0.696 38240ns,0.696 38250ns,0.704 38260ns,0.712 38270ns,0.72 38280ns,0.744 38290ns,0.744 38300ns,0.752 38310ns,0.744 38320ns,0.736 38330ns,0.736 38340ns,0.72 38350ns,0.712 38360ns,0.696 38370ns,0.68 38380ns,0.656 38390ns,0.648 38400ns,0.648 38410ns,0.656 38420ns,0.664 38430ns,0.704 38440ns,0.72 38450ns,0.752 38460ns,0.784 38470ns,0.784 38480ns,0.784 38490ns,0.776 38500ns,0.76 38510ns,0.752 38520ns,0.744 38530ns,0.736 38540ns,0.736 38550ns,0.72 38560ns,0.72 38570ns,0.72 38580ns,0.704 38590ns,0.712 38600ns,0.704 38610ns,0.704 38620ns,0.704 38630ns,0.704 38640ns,0.704 38650ns,0.704 38660ns,0.704 38670ns,0.696 38680ns,0.704 38690ns,0.704 38700ns,0.712 38710ns,0.712 38720ns,0.72 38730ns,0.72 38740ns,0.72 38750ns,0.712 38760ns,0.712 38770ns,0.704 38780ns,0.704 38790ns,0.696 38800ns,0.696 38810ns,0.688 38820ns,0.688 38830ns,0.672 38840ns,0.672 38850ns,0.664 38860ns,0.664 38870ns,0.664 38880ns,0.672 38890ns,0.664 38900ns,0.696 38910ns,0.704 38920ns,0.712 38930ns,0.72 38940ns,0.744 38950ns,0.752 38960ns,0.768 38970ns,0.768 38980ns,0.76 38990ns,0.744 39000ns,0.744 39010ns,0.728 39020ns,0.712 39030ns,0.704 39040ns,0.696 39050ns,0.688 39060ns,0.68 39070ns,0.688 39080ns,0.672 39090ns,0.672 39100ns,0.656 39110ns,0.656 39120ns,0.656 39130ns,0.664 39140ns,0.672 39150ns,0.672 39160ns,0.68 39170ns,0.688 39180ns,0.696 39190ns,0.696 39200ns,0.696 39210ns,0.696 39220ns,0.696 39230ns,0.696 39240ns,0.68 39250ns,0.68 39260ns,0.672 39270ns,0.672 39280ns,0.672 39290ns,0.664 39300ns,0.688 39310ns,0.688 39320ns,0.688 39330ns,0.696 39340ns,0.704 39350ns,0.704 39360ns,0.712 39370ns,0.712 39380ns,0.712 39390ns,0.72 39400ns,0.72 39410ns,0.72 39420ns,0.72 39430ns,0.72 39440ns,0.72 39450ns,0.72 39460ns,0.72 39470ns,0.72 39480ns,0.712 39490ns,0.712 39500ns,0.712 39510ns,0.704 39520ns,0.704 39530ns,0.704 39540ns,0.704 39550ns,0.696 39560ns,0.696 39570ns,0.704 39580ns,0.704 39590ns,0.704 39600ns,0.704 39610ns,0.72 39620ns,0.712 39630ns,0.72 39640ns,0.712 39650ns,0.712 39660ns,0.712 39670ns,0.704 39680ns,0.696 39690ns,0.688 39700ns,0.672 39710ns,0.664 39720ns,0.664 39730ns,0.664 39740ns,0.656 39750ns,0.648 39760ns,0.656 39770ns,0.648 39780ns,0.656 39790ns,0.664 39800ns,0.68 39810ns,0.696 39820ns,0.704 39830ns,0.72 39840ns,0.72 39850ns,0.736 39860ns,0.736 39870ns,0.736 39880ns,0.736 39890ns,0.72 39900ns,0.712 39910ns,0.704 39920ns,0.696 39930ns,0.688 39940ns,0.672 39950ns,0.672 39960ns,0.672 39970ns,0.68 39980ns,0.688 39990ns,0.696 40000ns,0.696 40010ns,0.704 40020ns,0.704 40030ns,0.712 40040ns,0.712 40050ns,0.712 40060ns,0.72 40070ns,0.712 40080ns,0.712 40090ns,0.712 40100ns,0.712 40110ns,0.704 40120ns,0.704 40130ns,0.704 40140ns,0.704 40150ns,0.696 40160ns,0.696 40170ns,0.696 40180ns,0.696 40190ns,0.688 40200ns,0.696 40210ns,0.696 40220ns,0.696 40230ns,0.696 40240ns,0.696 40250ns,0.696 40260ns,0.704 40270ns,0.696 40280ns,0.696 40290ns,0.704 40300ns,0.704 40310ns,0.712 40320ns,0.72 40330ns,0.72 40340ns,0.736 40350ns,0.744 40360ns,0.744 40370ns,0.744 40380ns,0.744 40390ns,0.736 40400ns,0.736 40410ns,0.72 40420ns,0.712 40430ns,0.712 40440ns,0.704 40450ns,0.704 40460ns,0.712 40470ns,0.712 40480ns,0.72 40490ns,0.72 40500ns,0.72 40510ns,0.72 40520ns,0.712 40530ns,0.712 40540ns,0.704 40550ns,0.696 40560ns,0.68 40570ns,0.68 40580ns,0.672 40590ns,0.664 40600ns,0.672 40610ns,0.672 40620ns,0.672 40630ns,0.68 40640ns,0.688 40650ns,0.688 40660ns,0.704 40670ns,0.712 40680ns,0.712 40690ns,0.712 40700ns,0.712 40710ns,0.704 40720ns,0.712 40730ns,0.704 40740ns,0.704 40750ns,0.704 40760ns,0.704 40770ns,0.696 40780ns,0.704 40790ns,0.704 40800ns,0.696 40810ns,0.688 40820ns,0.696 40830ns,0.696 40840ns,0.696 40850ns,0.696 40860ns,0.688 40870ns,0.696 40880ns,0.696 40890ns,0.696 40900ns,0.696 40910ns,0.696 40920ns,0.696 40930ns,0.696 40940ns,0.704 40950ns,0.704 40960ns,0.704 40970ns,0.712 40980ns,0.712 40990ns,0.712 41000ns,0.72 41010ns,0.704 41020ns,0.712 41030ns,0.704 41040ns,0.704 41050ns,0.688 41060ns,0.68 41070ns,0.68 41080ns,0.664 41090ns,0.664 41100ns,0.68 41110ns,0.672 41120ns,0.688 41130ns,0.696 41140ns,0.704 41150ns,0.712 41160ns,0.72 41170ns,0.72 41180ns,0.72 41190ns,0.736 41200ns,0.736 41210ns,0.72 41220ns,0.728 41230ns,0.72 41240ns,0.72 41250ns,0.712 41260ns,0.704 41270ns,0.704 41280ns,0.704 41290ns,0.696 41300ns,0.704 41310ns,0.696 41320ns,0.696 41330ns,0.688 41340ns,0.68 41350ns,0.672 41360ns,0.68 41370ns,0.672 41380ns,0.672 41390ns,0.688 41400ns,0.688 41410ns,0.696 41420ns,0.704 41430ns,0.704 41440ns,0.712 41450ns,0.712 41460ns,0.712 41470ns,0.704 41480ns,0.704 41490ns,0.704 41500ns,0.696 41510ns,0.68 41520ns,0.68 41530ns,0.688 41540ns,0.68 41550ns,0.688 41560ns,0.688 41570ns,0.696 41580ns,0.704 41590ns,0.704 41600ns,0.712 41610ns,0.72 41620ns,0.72 41630ns,0.72 41640ns,0.72 41650ns,0.72 41660ns,0.72 41670ns,0.72 41680ns,0.72 41690ns,0.712 41700ns,0.712 41710ns,0.72 41720ns,0.712 41730ns,0.712 41740ns,0.704 41750ns,0.712 41760ns,0.704 41770ns,0.712 41780ns,0.712 41790ns,0.712 41800ns,0.72 41810ns,0.712 41820ns,0.72 41830ns,0.728 41840ns,0.72 41850ns,0.72 41860ns,0.72 41870ns,0.72 41880ns,0.72 41890ns,0.72 41900ns,0.72 41910ns,0.72 41920ns,0.712 41930ns,0.704 41940ns,0.704 41950ns,0.696 41960ns,0.696 41970ns,0.696 41980ns,0.696 41990ns,0.696 42000ns,0.704 42010ns,0.712 42020ns,0.72 42030ns,0.72 42040ns,0.72 42050ns,0.736 42060ns,0.744 42070ns,0.752 42080ns,0.752 42090ns,0.744 42100ns,0.744 42110ns,0.744 42120ns,0.736 42130ns,0.72 42140ns,0.72 42150ns,0.712 42160ns,0.704 42170ns,0.696 42180ns,0.696 42190ns,0.68 42200ns,0.68 42210ns,0.68 42220ns,0.672 42230ns,0.672 42240ns,0.68 42250ns,0.688 42260ns,0.688 42270ns,0.696 42280ns,0.696 42290ns,0.704 42300ns,0.712 42310ns,0.712 42320ns,0.72 42330ns,0.712 42340ns,0.728 42350ns,0.72 42360ns,0.72 42370ns,0.72 42380ns,0.712 42390ns,0.704 42400ns,0.704 42410ns,0.704 42420ns,0.688 42430ns,0.696 42440ns,0.712 42450ns,0.72 42460ns,0.728 42470ns,0.744 42480ns,0.736 42490ns,0.728 42500ns,0.72 42510ns,0.712 42520ns,0.712 42530ns,0.72 42540ns,0.712 42550ns,0.744 42560ns,0.744 42570ns,0.728 42580ns,0.72 42590ns,0.712 42600ns,0.712 42610ns,0.696 42620ns,0.704 42630ns,0.704 42640ns,0.704 42650ns,0.704 42660ns,0.696 42670ns,0.704 42680ns,0.704 42690ns,0.696 42700ns,0.704 42710ns,0.712 42720ns,0.712 42730ns,0.72 42740ns,0.72 42750ns,0.712 42760ns,0.704 42770ns,0.704 42780ns,0.704 42790ns,0.704 42800ns,0.704 42810ns,0.712 42820ns,0.712 42830ns,0.72 42840ns,0.712 42850ns,0.712 42860ns,0.712 42870ns,0.704 42880ns,0.704 42890ns,0.712 42900ns,0.704 42910ns,0.696 42920ns,0.704 42930ns,0.712 42940ns,0.712 42950ns,0.712 42960ns,0.736 42970ns,0.744 42980ns,0.744 42990ns,0.752 43000ns,0.744 43010ns,0.752 43020ns,0.752 43030ns,0.736 43040ns,0.728 43050ns,0.736 43060ns,0.728 43070ns,0.72 43080ns,0.72 43090ns,0.72 43100ns,0.728 43110ns,0.736 43120ns,0.744 43130ns,0.736 43140ns,0.744 43150ns,0.744 43160ns,0.744 43170ns,0.736 43180ns,0.736 43190ns,0.752 43200ns,0.744 43210ns,0.744 43220ns,0.752 43230ns,0.752 43240ns,0.752 43250ns,0.744 43260ns,0.736 43270ns,0.728 43280ns,0.712 43290ns,0.712 43300ns,0.696 43310ns,0.696 43320ns,0.688 43330ns,0.688 43340ns,0.688 43350ns,0.696 43360ns,0.696 43370ns,0.696 43380ns,0.696 43390ns,0.704 43400ns,0.712 43410ns,0.736 43420ns,0.736 43430ns,0.752 43440ns,0.752 43450ns,0.744 43460ns,0.76 43470ns,0.744 43480ns,0.736 43490ns,0.736 43500ns,0.72 43510ns,0.72 43520ns,0.712 43530ns,0.704 43540ns,0.704 43550ns,0.704 43560ns,0.704 43570ns,0.704 43580ns,0.704 43590ns,0.704 43600ns,0.704 43610ns,0.704 43620ns,0.712 43630ns,0.712 43640ns,0.712 43650ns,0.72 43660ns,0.728 43670ns,0.72 43680ns,0.728 43690ns,0.72 43700ns,0.72 43710ns,0.72 43720ns,0.72 43730ns,0.72 43740ns,0.728 43750ns,0.728 43760ns,0.72 43770ns,0.736 43780ns,0.728 43790ns,0.736 43800ns,0.736 43810ns,0.736 43820ns,0.736 43830ns,0.744 43840ns,0.744 43850ns,0.752 43860ns,0.752 43870ns,0.76 43880ns,0.768 43890ns,0.784 43900ns,0.784 43910ns,0.784 43920ns,0.784 43930ns,0.784 43940ns,0.784 43950ns,0.768 43960ns,0.76 43970ns,0.752 43980ns,0.744 43990ns,0.744 44000ns,0.736 44010ns,0.728 44020ns,0.736 44030ns,0.72 44040ns,0.72 44050ns,0.72 44060ns,0.72 44070ns,0.728 44080ns,0.744 44090ns,0.744 44100ns,0.76 44110ns,0.776 44120ns,0.784 44130ns,0.784 44140ns,0.784 44150ns,0.784 44160ns,0.784 44170ns,0.768 44180ns,0.768 44190ns,0.76 44200ns,0.752 44210ns,0.744 44220ns,0.744 44230ns,0.744 44240ns,0.744 44250ns,0.744 44260ns,0.744 44270ns,0.752 44280ns,0.776 44290ns,0.776 44300ns,0.784 44310ns,0.792 44320ns,0.8 44330ns,0.808 44340ns,0.808 44350ns,0.816 44360ns,0.816 44370ns,0.808 44380ns,0.8 44390ns,0.784 44400ns,0.776 44410ns,0.752 44420ns,0.752 44430ns,0.736 44440ns,0.744 44450ns,0.736 44460ns,0.744 44470ns,0.736 44480ns,0.736 44490ns,0.744 44500ns,0.752 44510ns,0.752 44520ns,0.768 44530ns,0.768 44540ns,0.776 44550ns,0.784 44560ns,0.792 44570ns,0.792 44580ns,0.8 44590ns,0.784 44600ns,0.784 44610ns,0.776 44620ns,0.76 44630ns,0.744 44640ns,0.736 44650ns,0.736 44660ns,0.728 44670ns,0.72 44680ns,0.728 44690ns,0.728 44700ns,0.728 44710ns,0.736 44720ns,0.752 44730ns,0.76 44740ns,0.776 44750ns,0.776 44760ns,0.784 44770ns,0.8 44780ns,0.8 44790ns,0.808 44800ns,0.8 44810ns,0.8 44820ns,0.808 44830ns,0.808 44840ns,0.808 44850ns,0.8 44860ns,0.8 44870ns,0.792 44880ns,0.776 44890ns,0.776 44900ns,0.776 44910ns,0.76 44920ns,0.752 44930ns,0.76 44940ns,0.76 44950ns,0.752 44960ns,0.76 44970ns,0.776 44980ns,0.784 44990ns,0.8 45000ns,0.8 45010ns,0.808 45020ns,0.816 45030ns,0.816 45040ns,0.816 45050ns,0.808 45060ns,0.808 45070ns,0.8 45080ns,0.784 45090ns,0.776 45100ns,0.76 45110ns,0.744 45120ns,0.736 45130ns,0.728 45140ns,0.728 45150ns,0.72 45160ns,0.72 45170ns,0.736 45180ns,0.752 45190ns,0.76 45200ns,0.776 45210ns,0.784 45220ns,0.8 45230ns,0.808 45240ns,0.808 45250ns,0.816 45260ns,0.808 45270ns,0.8 45280ns,0.792 45290ns,0.784 45300ns,0.768 45310ns,0.76 45320ns,0.736 45330ns,0.72 45340ns,0.72 45350ns,0.712 45360ns,0.704 45370ns,0.704 45380ns,0.704 45390ns,0.704 45400ns,0.704 45410ns,0.72 45420ns,0.728 45430ns,0.744 45440ns,0.768 45450ns,0.776 45460ns,0.792 45470ns,0.808 45480ns,0.808 45490ns,0.808 45500ns,0.808 45510ns,0.8 45520ns,0.784 45530ns,0.784 45540ns,0.752 45550ns,0.744 45560ns,0.72 45570ns,0.704 45580ns,0.696 45590ns,0.688 45600ns,0.672 45610ns,0.688 45620ns,0.688 45630ns,0.712 45640ns,0.72 45650ns,0.752 45660ns,0.784 45670ns,0.808 45680ns,0.832 45690ns,0.832 45700ns,0.848 45710ns,0.856 45720ns,0.84 45730ns,0.84 45740ns,0.832 45750ns,0.816 45760ns,0.8 45770ns,0.768 45780ns,0.744 45790ns,0.72 45800ns,0.704 45810ns,0.704 45820ns,0.704 45830ns,0.72 45840ns,0.72 45850ns,0.744 45860ns,0.768 45870ns,0.784 45880ns,0.808 45890ns,0.832 45900ns,0.832 45910ns,0.832 45920ns,0.832 45930ns,0.832 45940ns,0.832 45950ns,0.816 45960ns,0.816 45970ns,0.792 45980ns,0.784 45990ns,0.752 46000ns,0.744 46010ns,0.728 46020ns,0.712 46030ns,0.712 46040ns,0.704 46050ns,0.704 46060ns,0.704 46070ns,0.712 46080ns,0.72 46090ns,0.728 46100ns,0.76 46110ns,0.776 46120ns,0.8 46130ns,0.816 46140ns,0.824 46150ns,0.832 46160ns,0.832 46170ns,0.84 46180ns,0.832 46190ns,0.816 46200ns,0.8 46210ns,0.752 46220ns,0.744 46230ns,0.704 46240ns,0.688 46250ns,0.656 46260ns,0.656 46270ns,0.64 46280ns,0.656 46290ns,0.656 46300ns,0.688 46310ns,0.704 46320ns,0.744 46330ns,0.768 46340ns,0.8 46350ns,0.832 46360ns,0.848 46370ns,0.864 46380ns,0.872 46390ns,0.872 46400ns,0.872 46410ns,0.84 46420ns,0.832 46430ns,0.784 46440ns,0.752 46450ns,0.736 46460ns,0.696 46470ns,0.672 46480ns,0.656 46490ns,0.656 46500ns,0.664 46510ns,0.68 46520ns,0.704 46530ns,0.736 46540ns,0.76 46550ns,0.8 46560ns,0.816 46570ns,0.832 46580ns,0.848 46590ns,0.864 46600ns,0.864 46610ns,0.856 46620ns,0.848 46630ns,0.84 46640ns,0.824 46650ns,0.8 46660ns,0.768 46670ns,0.752 46680ns,0.728 46690ns,0.72 46700ns,0.704 46710ns,0.696 46720ns,0.696 46730ns,0.704 46740ns,0.712 46750ns,0.712 46760ns,0.736 46770ns,0.752 46780ns,0.784 46790ns,0.816 46800ns,0.824 46810ns,0.84 46820ns,0.856 46830ns,0.864 46840ns,0.864 46850ns,0.872 46860ns,0.856 46870ns,0.832 46880ns,0.808 46890ns,0.784 46900ns,0.744 46910ns,0.72 46920ns,0.704 46930ns,0.688 46940ns,0.68 46950ns,0.68 46960ns,0.688 46970ns,0.704 46980ns,0.712 46990ns,0.76 47000ns,0.784 47010ns,0.816 47020ns,0.832 47030ns,0.864 47040ns,0.88 47050ns,0.888 47060ns,0.888 47070ns,0.896 47080ns,0.864 47090ns,0.848 47100ns,0.816 47110ns,0.792 47120ns,0.736 47130ns,0.712 47140ns,0.68 47150ns,0.648 47160ns,0.632 47170ns,0.6 47180ns,0.6 47190ns,0.6 47200ns,0.608 47210ns,0.632 47220ns,0.64 47230ns,0.68 47240ns,0.704 47250ns,0.736 47260ns,0.76 47270ns,0.776 47280ns,0.784 47290ns,0.792 47300ns,0.784 47310ns,0.776 47320ns,0.752 47330ns,0.72 47340ns,0.696 47350ns,0.672 47360ns,0.648 47370ns,0.608 47380ns,0.592 47390ns,0.584 47400ns,0.576 47410ns,0.576 47420ns,0.584 47430ns,0.608 47440ns,0.624 47450ns,0.656 47460ns,0.688 47470ns,0.704 47480ns,0.736 47490ns,0.744 47500ns,0.76 47510ns,0.752 47520ns,0.752 47530ns,0.736 47540ns,0.712 47550ns,0.688 47560ns,0.672 47570ns,0.64 47580ns,0.624 47590ns,0.616 47600ns,0.6 47610ns,0.592 47620ns,0.584 47630ns,0.592 47640ns,0.592 47650ns,0.6 47660ns,0.616 47670ns,0.624 47680ns,0.648 47690ns,0.664 47700ns,0.688 47710ns,0.696 47720ns,0.712 47730ns,0.72 47740ns,0.72 47750ns,0.736 47760ns,0.72 47770ns,0.712 47780ns,0.704 47790ns,0.688 47800ns,0.664 47810ns,0.64 47820ns,0.624 47830ns,0.6 47840ns,0.6 47850ns,0.608 47860ns,0.608 47870ns,0.624 47880ns,0.64 47890ns,0.656 47900ns,0.68 47910ns,0.696 47920ns,0.712 47930ns,0.72 47940ns,0.728 47950ns,0.736 47960ns,0.736 47970ns,0.736 47980ns,0.736 47990ns,0.728 48000ns,0.72 48010ns,0.704 48020ns,0.688 48030ns,0.664 48040ns,0.648 48050ns,0.632 48060ns,0.608 48070ns,0.6 48080ns,0.592 48090ns,0.592 48100ns,0.6 48110ns,0.6 48120ns,0.624 48130ns,0.632 48140ns,0.648 48150ns,0.664 48160ns,0.68 48170ns,0.688 48180ns,0.696 48190ns,0.704 48200ns,0.696 48210ns,0.68 48220ns,0.664 48230ns,0.656 48240ns,0.648 48250ns,0.632 48260ns,0.616 48270ns,0.608 48280ns,0.6 48290ns,0.592 48300ns,0.576 48310ns,0.576 48320ns,0.576 48330ns,0.576 48340ns,0.592 48350ns,0.6 48360ns,0.616 48370ns,0.616 48380ns,0.616 48390ns,0.624 48400ns,0.616 48410ns,0.632 48420ns,0.632 48430ns,0.64 48440ns,0.656 48450ns,0.664 48460ns,0.664 48470ns,0.672 48480ns,0.68 48490ns,0.672 48500ns,0.664 48510ns,0.664 48520ns,0.656 48530ns,0.656 48540ns,0.64 48550ns,0.648 48560ns,0.632 48570ns,0.632 48580ns,0.632 48590ns,0.624 48600ns,0.624 48610ns,0.624 48620ns,0.624 48630ns,0.632 48640ns,0.632 48650ns,0.64 48660ns,0.648 48670ns,0.656 48680ns,0.68 48690ns,0.672 48700ns,0.68 48710ns,0.68 48720ns,0.688 48730ns,0.688 48740ns,0.688 48750ns,0.688 48760ns,0.696 48770ns,0.696 48780ns,0.704 48790ns,0.704 48800ns,0.704 48810ns,0.712 48820ns,0.712 48830ns,0.712 48840ns,0.712 48850ns,0.704 48860ns,0.696 48870ns,0.696 48880ns,0.696 48890ns,0.696 48900ns,0.704 48910ns,0.712 48920ns,0.72 48930ns,0.736 48940ns,0.744 48950ns,0.76 48960ns,0.76 48970ns,0.768 48980ns,0.768 48990ns,0.76 49000ns,0.76 49010ns,0.752 49020ns,0.752 49030ns,0.752 49040ns,0.744 49050ns,0.752 49060ns,0.752 49070ns,0.744 49080ns,0.744 49090ns,0.744 49100ns,0.736 49110ns,0.72 49120ns,0.728 49130ns,0.72 49140ns,0.744 49150ns,0.752 49160ns,0.76 49170ns,0.784 49180ns,0.792 49190ns,0.792 49200ns,0.8 49210ns,0.792 49220ns,0.792 49230ns,0.784 49240ns,0.784 49250ns,0.776 49260ns,0.768 49270ns,0.76 49280ns,0.76 49290ns,0.752 49300ns,0.744 49310ns,0.752 49320ns,0.736 49330ns,0.72 49340ns,0.728 49350ns,0.728 49360ns,0.728 49370ns,0.736 49380ns,0.736 49390ns,0.744 49400ns,0.752 49410ns,0.744 49420ns,0.752 49430ns,0.752 49440ns,0.752 49450ns,0.744 49460ns,0.744 49470ns,0.744 49480ns,0.744 49490ns,0.752 49500ns,0.768 49510ns,0.776 49520ns,0.784 49530ns,0.792 49540ns,0.8 49550ns,0.8 49560ns,0.8 49570ns,0.792 49580ns,0.792 49590ns,0.784 49600ns,0.776 49610ns,0.776 49620ns,0.776 49630ns,0.776 49640ns,0.784 49650ns,0.784 49660ns,0.776 49670ns,0.776 49680ns,0.776 49690ns,0.776 49700ns,0.76 49710ns,0.76 49720ns,0.752 49730ns,0.752 49740ns,0.752 49750ns,0.752 49760ns,0.76 49770ns,0.76 49780ns,0.768 49790ns,0.776 49800ns,0.776 49810ns,0.776 49820ns,0.776 49830ns,0.776 49840ns,0.776 49850ns,0.768 49860ns,0.76 49870ns,0.768 49880ns,0.752 49890ns,0.752 49900ns,0.752 49910ns,0.752 49920ns,0.744 49930ns,0.744 49940ns,0.736 49950ns,0.736 49960ns,0.728 49970ns,0.736 49980ns,0.72 49990ns,0.72 50000ns,0.72 50010ns,0.72 50020ns,0.72 50030ns,0.728 50040ns,0.728 50050ns,0.736 50060ns,0.736 50070ns,0.752 50080ns,0.752 50090ns,0.752 50100ns,0.752 50110ns,0.752 50120ns,0.752 50130ns,0.744 50140ns,0.736 50150ns,0.728 50160ns,0.72 50170ns,0.72 50180ns,0.72 50190ns,0.712 50200ns,0.704 50210ns,0.712 50220ns,0.704 50230ns,0.704 50240ns,0.696 50250ns,0.68 50260ns,0.68 50270ns,0.672 50280ns,0.656 50290ns,0.648 50300ns,0.648 50310ns,0.64 50320ns,0.64 50330ns,0.648 50340ns,0.648 50350ns,0.648 50360ns,0.656 50370ns,0.656 50380ns,0.656 50390ns,0.656 50400ns,0.656 50410ns,0.656 50420ns,0.648 50430ns,0.656 50440ns,0.648 50450ns,0.656 50460ns,0.656 50470ns,0.648 50480ns,0.648 50490ns,0.648 50500ns,0.632 50510ns,0.632 50520ns,0.616 50530ns,0.608 50540ns,0.6 50550ns,0.6 50560ns,0.6 50570ns,0.616 50580ns,0.608 50590ns,0.6 50600ns,0.6 50610ns,0.576 50620ns,0.576 50630ns,0.544 50640ns,0.536 50650ns,0.528 50660ns,0.504 50670ns,0.52 50680ns,0.504 50690ns,0.504 50700ns,0.504 50710ns,0.496 50720ns,0.488 50730ns,0.496 50740ns,0.48 50750ns,0.48 50760ns,0.48 50770ns,0.472 50780ns,0.472 50790ns,0.48 50800ns,0.48 50810ns,0.496 50820ns,0.504 50830ns,0.52 50840ns,0.528 50850ns,0.544 50860ns,0.552 50870ns,0.552 50880ns,0.56 50890ns,0.552 50900ns,0.536 50910ns,0.544 50920ns,0.52 50930ns,0.512 50940ns,0.512 50950ns,0.512 50960ns,0.52 50970ns,0.512 50980ns,0.544 50990ns,0.552 51000ns,0.568 51010ns,0.576 51020ns,0.584 51030ns,0.592 51040ns,0.592 51050ns,0.592 51060ns,0.592 51070ns,0.592 51080ns,0.592 51090ns,0.592 51100ns,0.592 51110ns,0.592 51120ns,0.592 51130ns,0.584 51140ns,0.592 51150ns,0.584 51160ns,0.584 51170ns,0.576 51180ns,0.576 51190ns,0.576 51200ns,0.576 51210ns,0.584 51220ns,0.576 51230ns,0.576 51240ns,0.576 51250ns,0.576 51260ns,0.576 51270ns,0.568 51280ns,0.552 51290ns,0.544 51300ns,0.528 51310ns,0.52 51320ns,0.536 51330ns,0.528 51340ns,0.536 51350ns,0.536 51360ns,0.536 51370ns,0.536 51380ns,0.544 51390ns,0.544 51400ns,0.544 51410ns,0.552 51420ns,0.552 51430ns,0.568 51440ns,0.568 51450ns,0.568 51460ns,0.568 51470ns,0.56 51480ns,0.544 51490ns,0.544 51500ns,0.536 51510ns,0.536 51520ns,0.552 51530ns,0.552 51540ns,0.568 51550ns,0.576 51560ns,0.576 51570ns,0.584 51580ns,0.592 51590ns,0.576 51600ns,0.576 51610ns,0.568 51620ns,0.544 51630ns,0.528 51640ns,0.52 51650ns,0.504 51660ns,0.496 51670ns,0.488 51680ns,0.472 51690ns,0.472 51700ns,0.472 51710ns,0.472 51720ns,0.472 51730ns,0.48 51740ns,0.488 51750ns,0.504 51760ns,0.528 51770ns,0.544 51780ns,0.56 51790ns,0.576 51800ns,0.576 51810ns,0.584 51820ns,0.584 51830ns,0.592 51840ns,0.592 51850ns,0.6 51860ns,0.616 51870ns,0.624 51880ns,0.632 51890ns,0.632 51900ns,0.632 51910ns,0.624 51920ns,0.616 51930ns,0.6 51940ns,0.584 51950ns,0.568 51960ns,0.56 51970ns,0.536 51980ns,0.536 51990ns,0.544 52000ns,0.536 52010ns,0.544 52020ns,0.56 52030ns,0.56 52040ns,0.568 52050ns,0.568 52060ns,0.56 52070ns,0.576 52080ns,0.568 52090ns,0.568 52100ns,0.552 52110ns,0.544 52120ns,0.536 52130ns,0.528 52140ns,0.512 52150ns,0.504 52160ns,0.504 52170ns,0.496 52180ns,0.496 52190ns,0.488 52200ns,0.496 52210ns,0.512 52220ns,0.512 52230ns,0.544 52240ns,0.568 52250ns,0.576 52260ns,0.616 52270ns,0.624 52280ns,0.632 52290ns,0.632 52300ns,0.608 52310ns,0.592 52320ns,0.576 52330ns,0.544 52340ns,0.528 52350ns,0.512 52360ns,0.504 52370ns,0.512 52380ns,0.512 52390ns,0.536 52400ns,0.536 52410ns,0.528 52420ns,0.536 52430ns,0.504 52440ns,0.504 52450ns,0.496 52460ns,0.512 52470ns,0.52 52480ns,0.56 52490ns,0.576 52500ns,0.616 52510ns,0.624 52520ns,0.64 52530ns,0.656 52540ns,0.632 52550ns,0.624 52560ns,0.592 52570ns,0.576 52580ns,0.536 52590ns,0.496 52600ns,0.488 52610ns,0.464 52620ns,0.456 52630ns,0.472 52640ns,0.48 52650ns,0.496 52660ns,0.512 52670ns,0.536 52680ns,0.56 52690ns,0.568 52700ns,0.568 52710ns,0.576 52720ns,0.568 52730ns,0.576 52740ns,0.568 52750ns,0.568 52760ns,0.568 52770ns,0.576 52780ns,0.576 52790ns,0.568 52800ns,0.568 52810ns,0.576 52820ns,0.568 52830ns,0.56 52840ns,0.56 52850ns,0.56 52860ns,0.56 52870ns,0.56 52880ns,0.576 52890ns,0.576 52900ns,0.584 52910ns,0.592 52920ns,0.624 52930ns,0.624 52940ns,0.64 52950ns,0.656 52960ns,0.672 52970ns,0.688 52980ns,0.688 52990ns,0.696 53000ns,0.696 53010ns,0.696 53020ns,0.696 53030ns,0.704 53040ns,0.696 53050ns,0.704 53060ns,0.704 53070ns,0.704 53080ns,0.704 53090ns,0.712 53100ns,0.712 53110ns,0.712 53120ns,0.704 53130ns,0.704 53140ns,0.696 53150ns,0.688 53160ns,0.688 53170ns,0.688 53180ns,0.688 53190ns,0.696 53200ns,0.704 53210ns,0.704 53220ns,0.712 53230ns,0.712 53240ns,0.72 53250ns,0.72 53260ns,0.712 53270ns,0.712 53280ns,0.72 53290ns,0.712 53300ns,0.712 53310ns,0.712 53320ns,0.704 53330ns,0.704 53340ns,0.704 53350ns,0.696 53360ns,0.68 53370ns,0.664 53380ns,0.664 53390ns,0.664 53400ns,0.672 53410ns,0.68 53420ns,0.696 53430ns,0.704 53440ns,0.72 53450ns,0.736 53460ns,0.736 53470ns,0.736 53480ns,0.744 53490ns,0.736 53500ns,0.736 53510ns,0.72 53520ns,0.712 53530ns,0.712 53540ns,0.704 53550ns,0.704 53560ns,0.704 53570ns,0.704 53580ns,0.704 53590ns,0.696 53600ns,0.696 53610ns,0.704 53620ns,0.704 53630ns,0.696 53640ns,0.704 53650ns,0.704 53660ns,0.704 53670ns,0.704 53680ns,0.696 53690ns,0.696 53700ns,0.68 53710ns,0.688 53720ns,0.672 53730ns,0.68 53740ns,0.672 53750ns,0.672 53760ns,0.664 53770ns,0.688 53780ns,0.68 53790ns,0.68 53800ns,0.68 53810ns,0.672 53820ns,0.672 53830ns,0.672 53840ns,0.664 53850ns,0.656 53860ns,0.656 53870ns,0.656 53880ns,0.656 53890ns,0.664 53900ns,0.68 53910ns,0.688 53920ns,0.704 53930ns,0.704 53940ns,0.704 53950ns,0.72 53960ns,0.712 53970ns,0.72 53980ns,0.72 53990ns,0.712 54000ns,0.712 54010ns,0.704 54020ns,0.704 54030ns,0.704 54040ns,0.704 54050ns,0.696 54060ns,0.696 54070ns,0.696 54080ns,0.696 54090ns,0.688 54100ns,0.688 54110ns,0.688 54120ns,0.688 54130ns,0.696 54140ns,0.696 54150ns,0.688 54160ns,0.696 54170ns,0.704 54180ns,0.704 54190ns,0.704 54200ns,0.712 54210ns,0.712 54220ns,0.728 54230ns,0.72 54240ns,0.728 54250ns,0.72 54260ns,0.712 54270ns,0.704 54280ns,0.696 54290ns,0.696 54300ns,0.696 54310ns,0.696 54320ns,0.696 54330ns,0.704 54340ns,0.704 54350ns,0.712 54360ns,0.712 54370ns,0.712 54380ns,0.72 54390ns,0.728 54400ns,0.728 54410ns,0.72 54420ns,0.72 54430ns,0.72 54440ns,0.72 54450ns,0.712 54460ns,0.704 54470ns,0.704 54480ns,0.696 54490ns,0.696 54500ns,0.688 54510ns,0.688 54520ns,0.688 54530ns,0.696 54540ns,0.696 54550ns,0.704 54560ns,0.696 54570ns,0.704 54580ns,0.712 54590ns,0.704 54600ns,0.712 54610ns,0.712 54620ns,0.72 54630ns,0.728 54640ns,0.72 54650ns,0.736 54660ns,0.744 54670ns,0.736 54680ns,0.752 54690ns,0.744 54700ns,0.744 54710ns,0.736 54720ns,0.712 54730ns,0.712 54740ns,0.704 54750ns,0.696 54760ns,0.696 54770ns,0.704 54780ns,0.704 54790ns,0.704 54800ns,0.72 54810ns,0.728 54820ns,0.744 54830ns,0.752 54840ns,0.76 54850ns,0.76 54860ns,0.776 54870ns,0.776 54880ns,0.752 54890ns,0.768 54900ns,0.744 54910ns,0.736 54920ns,0.72 54930ns,0.712 54940ns,0.704 54950ns,0.704 54960ns,0.704 54970ns,0.704 54980ns,0.704 54990ns,0.696 55000ns,0.704 55010ns,0.704 55020ns,0.704 55030ns,0.704 55040ns,0.704 55050ns,0.72 55060ns,0.72 55070ns,0.72 55080ns,0.72 55090ns,0.712 55100ns,0.704 55110ns,0.696 55120ns,0.688 55130ns,0.672 55140ns,0.672 55150ns,0.664 55160ns,0.672 55170ns,0.672 55180ns,0.664 55190ns,0.68 55200ns,0.68 55210ns,0.688 55220ns,0.688 55230ns,0.696 55240ns,0.704 55250ns,0.712 55260ns,0.712 55270ns,0.712 55280ns,0.712 55290ns,0.712 55300ns,0.72 55310ns,0.72 55320ns,0.72 55330ns,0.72 55340ns,0.712 55350ns,0.712 55360ns,0.712 55370ns,0.72 55380ns,0.712 55390ns,0.712 55400ns,0.712 55410ns,0.704 55420ns,0.696 55430ns,0.696 55440ns,0.688 55450ns,0.688 55460ns,0.672 55470ns,0.696 55480ns,0.696 55490ns,0.704 55500ns,0.72 55510ns,0.728 55520ns,0.752 55530ns,0.776 55540ns,0.792 55550ns,0.8 55560ns,0.816 55570ns,0.832 55580ns,0.832 55590ns,0.832 55600ns,0.84 55610ns,0.856 55620ns,0.864 55630ns,0.864 55640ns,0.864 55650ns,0.872 55660ns,0.872 55670ns,0.872 55680ns,0.872 55690ns,0.872 55700ns,0.856 55710ns,0.84 55720ns,0.824 55730ns,0.808 55740ns,0.784 55750ns,0.776 55760ns,0.76 55770ns,0.76 55780ns,0.752 55790ns,0.768 55800ns,0.768 55810ns,0.776 55820ns,0.768 55830ns,0.768 55840ns,0.776 55850ns,0.76 55860ns,0.752 55870ns,0.744 55880ns,0.736 55890ns,0.736 55900ns,0.728 55910ns,0.736 55920ns,0.736 55930ns,0.736 55940ns,0.736 55950ns,0.736 55960ns,0.728 55970ns,0.72 55980ns,0.72 55990ns,0.712 56000ns,0.712 56010ns,0.704 56020ns,0.704 56030ns,0.704 56040ns,0.704 56050ns,0.712 56060ns,0.704 56070ns,0.704 56080ns,0.704 56090ns,0.696 56100ns,0.688 56110ns,0.68 56120ns,0.672 56130ns,0.672 56140ns,0.68 56150ns,0.688 56160ns,0.696 56170ns,0.712 56180ns,0.72 56190ns,0.752 56200ns,0.744 56210ns,0.752 56220ns,0.752 56230ns,0.76 56240ns,0.76 56250ns,0.752 56260ns,0.744 56270ns,0.744 56280ns,0.752 56290ns,0.752 56300ns,0.752 56310ns,0.76 56320ns,0.736 56330ns,0.736 56340ns,0.712 56350ns,0.696 56360ns,0.68 56370ns,0.656 56380ns,0.648 56390ns,0.656 56400ns,0.656 56410ns,0.664 56420ns,0.672 56430ns,0.696 56440ns,0.696 56450ns,0.696 56460ns,0.696 56470ns,0.688 56480ns,0.68 56490ns,0.672 56500ns,0.664 56510ns,0.656 56520ns,0.656 56530ns,0.656 56540ns,0.656 56550ns,0.656 56560ns,0.656 56570ns,0.656 56580ns,0.656 56590ns,0.656 56600ns,0.664 56610ns,0.656 56620ns,0.664 56630ns,0.664 56640ns,0.656 56650ns,0.656 56660ns,0.648 56670ns,0.648 56680ns,0.632 56690ns,0.632 56700ns,0.632 56710ns,0.624 56720ns,0.624 56730ns,0.632 56740ns,0.632 56750ns,0.648 56760ns,0.648 56770ns,0.656 56780ns,0.656 56790ns,0.664 56800ns,0.672 56810ns,0.672 56820ns,0.664 56830ns,0.664 56840ns,0.664 56850ns,0.656 56860ns,0.656 56870ns,0.648 56880ns,0.648 56890ns,0.656 56900ns,0.648 56910ns,0.648 56920ns,0.648 56930ns,0.656 56940ns,0.656 56950ns,0.656 56960ns,0.656 56970ns,0.648 56980ns,0.656 56990ns,0.648 57000ns,0.648 57010ns,0.648 57020ns,0.648 57030ns,0.656 57040ns,0.648 57050ns,0.656 57060ns,0.656 57070ns,0.656 57080ns,0.656 57090ns,0.664 57100ns,0.656 57110ns,0.664 57120ns,0.656 57130ns,0.656 57140ns,0.656 57150ns,0.656 57160ns,0.656 57170ns,0.656 57180ns,0.656 57190ns,0.664 57200ns,0.664 57210ns,0.68 57220ns,0.688 57230ns,0.688 57240ns,0.696 57250ns,0.704 57260ns,0.704 57270ns,0.704 57280ns,0.704 57290ns,0.696 57300ns,0.696 57310ns,0.696 57320ns,0.672 57330ns,0.664 57340ns,0.672 57350ns,0.656 57360ns,0.656 57370ns,0.664 57380ns,0.656 57390ns,0.672 57400ns,0.672 57410ns,0.68 57420ns,0.68 57430ns,0.68 57440ns,0.68 57450ns,0.68 57460ns,0.688 57470ns,0.688 57480ns,0.688 57490ns,0.688 57500ns,0.696 57510ns,0.704 57520ns,0.712 57530ns,0.712 57540ns,0.712 57550ns,0.712 57560ns,0.712 57570ns,0.704 57580ns,0.704 57590ns,0.696 57600ns,0.688 57610ns,0.68 57620ns,0.68 57630ns,0.672 57640ns,0.672 57650ns,0.68 57660ns,0.68 57670ns,0.664 57680ns,0.664 57690ns,0.656 57700ns,0.656 57710ns,0.656 57720ns,0.664 57730ns,0.672 57740ns,0.68 57750ns,0.68 57760ns,0.68 57770ns,0.672 57780ns,0.68 57790ns,0.68 57800ns,0.672 57810ns,0.664 57820ns,0.656 57830ns,0.664 57840ns,0.664 57850ns,0.656 57860ns,0.664 57870ns,0.672 57880ns,0.68 57890ns,0.68 57900ns,0.68 57910ns,0.688 57920ns,0.704 57930ns,0.696 57940ns,0.704 57950ns,0.704 57960ns,0.704 57970ns,0.712 57980ns,0.712 57990ns,0.704 58000ns,0.704 58010ns,0.712 58020ns,0.704 58030ns,0.704 58040ns,0.704 58050ns,0.696 58060ns,0.696 58070ns,0.696 58080ns,0.68 58090ns,0.672 58100ns,0.68 58110ns,0.672 58120ns,0.68 58130ns,0.68 58140ns,0.68 58150ns,0.688 58160ns,0.696 58170ns,0.704 58180ns,0.712 58190ns,0.72 58200ns,0.72 58210ns,0.72 58220ns,0.728 58230ns,0.72 58240ns,0.72 58250ns,0.72 58260ns,0.712 58270ns,0.712 58280ns,0.712 58290ns,0.704 58300ns,0.712 58310ns,0.704 58320ns,0.704 58330ns,0.704 58340ns,0.704 58350ns,0.704 58360ns,0.696 58370ns,0.688 58380ns,0.696 58390ns,0.688 58400ns,0.68 58410ns,0.696 58420ns,0.688 58430ns,0.688 58440ns,0.68 58450ns,0.688 58460ns,0.688 58470ns,0.688 58480ns,0.68 58490ns,0.68 58500ns,0.688 58510ns,0.688 58520ns,0.688 58530ns,0.696 58540ns,0.704 58550ns,0.712 58560ns,0.712 58570ns,0.728 58580ns,0.728 58590ns,0.744 58600ns,0.744 58610ns,0.752 58620ns,0.752 58630ns,0.752 58640ns,0.752 58650ns,0.744 58660ns,0.736 58670ns,0.728 58680ns,0.72 58690ns,0.72 58700ns,0.712 58710ns,0.712 58720ns,0.72 58730ns,0.728 58740ns,0.736 58750ns,0.744 58760ns,0.744 58770ns,0.752 58780ns,0.768 58790ns,0.768 58800ns,0.776 58810ns,0.784 58820ns,0.776 58830ns,0.784 58840ns,0.776 58850ns,0.776 58860ns,0.776 58870ns,0.776 58880ns,0.768 58890ns,0.76 58900ns,0.768 58910ns,0.768 58920ns,0.776 58930ns,0.776 58940ns,0.776 58950ns,0.776 58960ns,0.784 58970ns,0.792 58980ns,0.792 58990ns,0.8 59000ns,0.808 59010ns,0.816 59020ns,0.816 59030ns,0.816 59040ns,0.816 59050ns,0.824 59060ns,0.824 59070ns,0.816 59080ns,0.824 59090ns,0.824 59100ns,0.824 59110ns,0.824 59120ns,0.832 59130ns,0.832 59140ns,0.832 59150ns,0.832 59160ns,0.832 59170ns,0.832 59180ns,0.832 59190ns,0.824 59200ns,0.824 59210ns,0.816 59220ns,0.816 59230ns,0.816 59240ns,0.816 59250ns,0.816 59260ns,0.832 59270ns,0.832 59280ns,0.848 59290ns,0.856 59300ns,0.856 59310ns,0.872 59320ns,0.864 59330ns,0.872 59340ns,0.864 59350ns,0.864 59360ns,0.856 59370ns,0.856 59380ns,0.856 59390ns,0.856 59400ns,0.856 59410ns,0.864 59420ns,0.856 59430ns,0.864 59440ns,0.856 59450ns,0.872 59460ns,0.864 59470ns,0.872 59480ns,0.888 59490ns,0.88 59500ns,0.896 59510ns,0.888 59520ns,0.896 59530ns,0.888 59540ns,0.896 59550ns,0.904 59560ns,0.904 59570ns,0.896 59580ns,0.896 59590ns,0.896 59600ns,0.896 59610ns,0.888 59620ns,0.88 59630ns,0.88 59640ns,0.872 59650ns,0.872 59660ns,0.88 59670ns,0.88 59680ns,0.888 59690ns,0.896 59700ns,0.896 59710ns,0.904 59720ns,0.904 59730ns,0.904 59740ns,0.904 59750ns,0.904 59760ns,0.912 59770ns,0.92 59780ns,0.92 59790ns,0.92 59800ns,0.92 59810ns,0.92 59820ns,0.92 59830ns,0.928 59840ns,0.92 59850ns,0.92 59860ns,0.912 59870ns,0.904 59880ns,0.904 59890ns,0.904 59900ns,0.904 59910ns,0.904 59920ns,0.912 59930ns,0.912 59940ns,0.912 59950ns,0.928 59960ns,0.928 59970ns,0.936 59980ns,0.936 59990ns,0.936 60000ns,0.936 60010ns,0.936 60020ns,0.936 60030ns,0.928 60040ns,0.92 60050ns,0.92 60060ns,0.928 60070ns,0.912 60080ns,0.912 60090ns,0.912 60100ns,0.928 60110ns,0.928 60120ns,0.936 60130ns,0.936 60140ns,0.936 60150ns,0.936 60160ns,0.936 60170ns,0.936 60180ns,0.936 60190ns,0.928 60200ns,0.904 60210ns,0.888 60220ns,0.872 60230ns,0.856 60240ns,0.84 60250ns,0.824 60260ns,0.808 60270ns,0.792 60280ns,0.752 60290ns,0.736 60300ns,0.688 60310ns,0.672 60320ns,0.624 60330ns,0.6 60340ns,0.576 60350ns,0.552 60360ns,0.544 60370ns,0.52 60380ns,0.512 60390ns,0.512 60400ns,0.504 60410ns,0.504 60420ns,0.48 60430ns,0.488 60440ns,0.472 60450ns,0.472 60460ns,0.472 60470ns,0.472 60480ns,0.472 60490ns,0.48 60500ns,0.472 60510ns,0.48 60520ns,0.472 60530ns,0.464 60540ns,0.456 60550ns,0.464 60560ns,0.464 60570ns,0.472 60580ns,0.488 60590ns,0.504 60600ns,0.512 60610ns,0.536 60620ns,0.536 60630ns,0.536 60640ns,0.536 60650ns,0.512 60660ns,0.496 60670ns,0.48 60680ns,0.464 60690ns,0.448 60700ns,0.448 60710ns,0.44 60720ns,0.448 60730ns,0.464 60740ns,0.496 60750ns,0.52 60760ns,0.552 60770ns,0.576 60780ns,0.592 60790ns,0.608 60800ns,0.608 60810ns,0.584 60820ns,0.576 60830ns,0.544 60840ns,0.52 60850ns,0.488 60860ns,0.464 60870ns,0.448 60880ns,0.448 60890ns,0.448 60900ns,0.456 60910ns,0.464 60920ns,0.48 60930ns,0.496 60940ns,0.48 60950ns,0.496 60960ns,0.496 60970ns,0.488 60980ns,0.504 60990ns,0.496 61000ns,0.488 61010ns,0.488 61020ns,0.488 61030ns,0.48 61040ns,0.488 61050ns,0.48 61060ns,0.48 61070ns,0.472 61080ns,0.464 61090ns,0.448 61100ns,0.448 61110ns,0.448 61120ns,0.448 61130ns,0.448 61140ns,0.448 61150ns,0.456 61160ns,0.472 61170ns,0.48 61180ns,0.488 61190ns,0.504 61200ns,0.52 61210ns,0.536 61220ns,0.536 61230ns,0.56 61240ns,0.552 61250ns,0.544 61260ns,0.536 61270ns,0.528 61280ns,0.504 61290ns,0.48 61300ns,0.472 61310ns,0.464 61320ns,0.448 61330ns,0.448 61340ns,0.448 61350ns,0.448 61360ns,0.44 61370ns,0.448 61380ns,0.456 61390ns,0.472 61400ns,0.48 61410ns,0.496 61420ns,0.496 61430ns,0.52 61440ns,0.536 61450ns,0.536 61460ns,0.536 61470ns,0.536 61480ns,0.536 61490ns,0.536 61500ns,0.528 61510ns,0.52 61520ns,0.52 61530ns,0.512 61540ns,0.52 61550ns,0.528 61560ns,0.536 61570ns,0.52 61580ns,0.52 61590ns,0.528 61600ns,0.512 61610ns,0.504 61620ns,0.512 61630ns,0.496 61640ns,0.504 61650ns,0.512 61660ns,0.52 61670ns,0.536 61680ns,0.536 61690ns,0.544 61700ns,0.56 61710ns,0.56 61720ns,0.552 61730ns,0.544 61740ns,0.544 61750ns,0.536 61760ns,0.512 61770ns,0.504 61780ns,0.504 61790ns,0.496 61800ns,0.496 61810ns,0.496 61820ns,0.512 61830ns,0.52 61840ns,0.536 61850ns,0.552 61860ns,0.552 61870ns,0.568 61880ns,0.576 61890ns,0.576 61900ns,0.584 61910ns,0.592 61920ns,0.592 61930ns,0.592 61940ns,0.576 61950ns,0.576 61960ns,0.576 61970ns,0.552 61980ns,0.544 61990ns,0.528 62000ns,0.512 62010ns,0.496 62020ns,0.488 62030ns,0.48 62040ns,0.48 62050ns,0.488 62060ns,0.504 62070ns,0.52 62080ns,0.568 62090ns,0.576 62100ns,0.6 62110ns,0.6 62120ns,0.6 62130ns,0.608 62140ns,0.6 62150ns,0.6 62160ns,0.6 62170ns,0.6 62180ns,0.592 62190ns,0.6 62200ns,0.6 62210ns,0.6 62220ns,0.6 62230ns,0.584 62240ns,0.576 62250ns,0.576 62260ns,0.56 62270ns,0.552 62280ns,0.536 62290ns,0.528 62300ns,0.528 62310ns,0.52 62320ns,0.52 62330ns,0.52 62340ns,0.52 62350ns,0.528 62360ns,0.544 62370ns,0.544 62380ns,0.56 62390ns,0.576 62400ns,0.584 62410ns,0.592 62420ns,0.6 62430ns,0.608 62440ns,0.616 62450ns,0.624 62460ns,0.624 62470ns,0.624 62480ns,0.632 62490ns,0.632 62500ns,0.656 62510ns,0.656 62520ns,0.656 62530ns,0.656 62540ns,0.656 62550ns,0.664 62560ns,0.648 62570ns,0.64 62580ns,0.616 62590ns,0.584 62600ns,0.56 62610ns,0.504 62620ns,0.472 62630ns,0.472 62640ns,0.448 62650ns,0.488 62660ns,0.536 62670ns,0.56 62680ns,0.6 62690ns,0.624 62700ns,0.64 62710ns,0.648 62720ns,0.656 62730ns,0.656 62740ns,0.648 62750ns,0.656 62760ns,0.64 62770ns,0.648 62780ns,0.64 62790ns,0.64 62800ns,0.632 62810ns,0.632 62820ns,0.632 62830ns,0.64 62840ns,0.64 62850ns,0.664 62860ns,0.672 62870ns,0.68 62880ns,0.688 62890ns,0.688 62900ns,0.696 62910ns,0.704 62920ns,0.696 62930ns,0.696 62940ns,0.688 62950ns,0.68 62960ns,0.68 62970ns,0.672 62980ns,0.664 62990ns,0.672 63000ns,0.672 63010ns,0.672 63020ns,0.664 63030ns,0.688 63040ns,0.688 63050ns,0.696 63060ns,0.704 63070ns,0.72 63080ns,0.72 63090ns,0.736 63100ns,0.736 63110ns,0.744 63120ns,0.736 63130ns,0.728 63140ns,0.72 63150ns,0.704 63160ns,0.704 63170ns,0.696 63180ns,0.688 63190ns,0.688 63200ns,0.688 63210ns,0.672 63220ns,0.672 63230ns,0.672 63240ns,0.664 63250ns,0.68 63260ns,0.68 63270ns,0.688 63280ns,0.696 63290ns,0.704 63300ns,0.704 63310ns,0.712 63320ns,0.712 63330ns,0.704 63340ns,0.712 63350ns,0.704 63360ns,0.704 63370ns,0.696 63380ns,0.696 63390ns,0.688 63400ns,0.68 63410ns,0.68 63420ns,0.688 63430ns,0.68 63440ns,0.68 63450ns,0.68 63460ns,0.68 63470ns,0.68 63480ns,0.672 63490ns,0.68 63500ns,0.672 63510ns,0.672 63520ns,0.664 63530ns,0.672 63540ns,0.672 63550ns,0.672 63560ns,0.672 63570ns,0.68 63580ns,0.68 63590ns,0.68 63600ns,0.672 63610ns,0.672 63620ns,0.664 63630ns,0.664 63640ns,0.672 63650ns,0.672 63660ns,0.672 63670ns,0.688 63680ns,0.688 63690ns,0.696 63700ns,0.696 63710ns,0.696 63720ns,0.688 63730ns,0.68 63740ns,0.672 63750ns,0.664 63760ns,0.656 63770ns,0.656 63780ns,0.656 63790ns,0.656 63800ns,0.664 63810ns,0.68 63820ns,0.688 63830ns,0.72 63840ns,0.744 63850ns,0.768 63860ns,0.784 63870ns,0.776 63880ns,0.744 63890ns,0.72 63900ns,0.632 63910ns,0.584 63920ns,0.512 63930ns,0.472 63940ns,0.448 63950ns,0.448 63960ns,0.448 63970ns,0.448 63980ns,0.448 63990ns,0.448 64000ns,0.448